Episode,Step,CR,n_BM,n_ABS,n_GU,Collect Strategy,Method,Explore:Serve
0,0,0.4950000047683716,200,5,200,default,naive-kmeans,40:60
0,1,0.5099999904632568,200,5,200,default,naive-kmeans,40:60
0,2,0.5149999856948853,200,5,200,default,naive-kmeans,40:60
0,3,0.48500001430511475,200,5,200,default,naive-kmeans,40:60
0,4,0.4749999940395355,200,5,200,default,naive-kmeans,40:60
0,5,0.46000000834465027,200,5,200,default,naive-kmeans,40:60
0,6,0.49000000953674316,200,5,200,default,naive-kmeans,40:60
0,7,0.4650000035762787,200,5,200,default,naive-kmeans,40:60
0,8,0.4749999940395355,200,5,200,default,naive-kmeans,40:60
0,9,0.5149999856948853,200,5,200,default,naive-kmeans,40:60
0,10,0.5149999856948853,200,5,200,default,naive-kmeans,40:60
0,11,0.5149999856948853,200,5,200,default,naive-kmeans,40:60
0,12,0.5149999856948853,200,5,200,default,naive-kmeans,40:60
0,13,0.5149999856948853,200,5,200,default,naive-kmeans,40:60
0,14,0.5149999856948853,200,5,200,default,naive-kmeans,40:60
0,15,0.5149999856948853,200,5,200,default,naive-kmeans,40:60
0,16,0.5149999856948853,200,5,200,default,naive-kmeans,40:60
0,17,0.5149999856948853,200,5,200,default,naive-kmeans,40:60
0,18,0.5149999856948853,200,5,200,default,naive-kmeans,40:60
0,19,0.5149999856948853,200,5,200,default,naive-kmeans,40:60
0,20,0.5149999856948853,200,5,200,default,naive-kmeans,40:60
0,21,0.5149999856948853,200,5,200,default,naive-kmeans,40:60
0,22,0.5149999856948853,200,5,200,default,naive-kmeans,40:60
0,23,0.5149999856948853,200,5,200,default,naive-kmeans,40:60
0,24,0.5149999856948853,200,5,200,default,naive-kmeans,40:60
0,25,0.5149999856948853,200,5,200,default,naive-kmeans,40:60
0,26,0.5149999856948853,200,5,200,default,naive-kmeans,40:60
0,27,0.5149999856948853,200,5,200,default,naive-kmeans,40:60
0,28,0.5149999856948853,200,5,200,default,naive-kmeans,40:60
0,29,0.5149999856948853,200,5,200,default,naive-kmeans,40:60
0,30,0.5149999856948853,200,5,200,default,naive-kmeans,40:60
0,31,0.5149999856948853,200,5,200,default,naive-kmeans,40:60
0,32,0.5149999856948853,200,5,200,default,naive-kmeans,40:60
0,33,0.5149999856948853,200,5,200,default,naive-kmeans,40:60
0,34,0.5149999856948853,200,5,200,default,naive-kmeans,40:60
0,35,0.5149999856948853,200,5,200,default,naive-kmeans,40:60
0,36,0.5149999856948853,200,5,200,default,naive-kmeans,40:60
0,37,0.5149999856948853,200,5,200,default,naive-kmeans,40:60
0,38,0.5149999856948853,200,5,200,default,naive-kmeans,40:60
0,39,0.5149999856948853,200,5,200,default,naive-kmeans,40:60
0,40,0.5149999856948853,200,5,200,default,naive-kmeans,40:60
0,41,0.5149999856948853,200,5,200,default,naive-kmeans,40:60
0,42,0.5149999856948853,200,5,200,default,naive-kmeans,40:60
0,43,0.5149999856948853,200,5,200,default,naive-kmeans,40:60
0,44,0.5149999856948853,200,5,200,default,naive-kmeans,40:60
0,45,0.5149999856948853,200,5,200,default,naive-kmeans,40:60
0,46,0.5149999856948853,200,5,200,default,naive-kmeans,40:60
0,47,0.5149999856948853,200,5,200,default,naive-kmeans,40:60
0,48,0.5149999856948853,200,5,200,default,naive-kmeans,40:60
0,49,0.5149999856948853,200,5,200,default,naive-kmeans,40:60
0,50,0.5149999856948853,200,5,200,default,naive-kmeans,40:60
0,51,0.5149999856948853,200,5,200,default,naive-kmeans,40:60
0,52,0.5149999856948853,200,5,200,default,naive-kmeans,40:60
0,53,0.5149999856948853,200,5,200,default,naive-kmeans,40:60
0,54,0.5149999856948853,200,5,200,default,naive-kmeans,40:60
0,55,0.5149999856948853,200,5,200,default,naive-kmeans,40:60
0,56,0.5149999856948853,200,5,200,default,naive-kmeans,40:60
0,57,0.5149999856948853,200,5,200,default,naive-kmeans,40:60
0,58,0.5149999856948853,200,5,200,default,naive-kmeans,40:60
0,59,0.5149999856948853,200,5,200,default,naive-kmeans,40:60
0,60,0.5149999856948853,200,5,200,default,naive-kmeans,40:60
0,61,0.5149999856948853,200,5,200,default,naive-kmeans,40:60
0,62,0.5149999856948853,200,5,200,default,naive-kmeans,40:60
0,63,0.5149999856948853,200,5,200,default,naive-kmeans,40:60
0,64,0.5149999856948853,200,5,200,default,naive-kmeans,40:60
0,65,0.5149999856948853,200,5,200,default,naive-kmeans,40:60
0,66,0.5149999856948853,200,5,200,default,naive-kmeans,40:60
0,67,0.5149999856948853,200,5,200,default,naive-kmeans,40:60
0,68,0.5149999856948853,200,5,200,default,naive-kmeans,40:60
0,69,0.5149999856948853,200,5,200,default,naive-kmeans,40:60
0,70,0.5149999856948853,200,5,200,default,naive-kmeans,40:60
0,71,0.5149999856948853,200,5,200,default,naive-kmeans,40:60
0,72,0.5149999856948853,200,5,200,default,naive-kmeans,40:60
0,73,0.5149999856948853,200,5,200,default,naive-kmeans,40:60
0,74,0.5149999856948853,200,5,200,default,naive-kmeans,40:60
0,75,0.5149999856948853,200,5,200,default,naive-kmeans,40:60
0,76,0.5149999856948853,200,5,200,default,naive-kmeans,40:60
0,77,0.5149999856948853,200,5,200,default,naive-kmeans,40:60
0,78,0.5149999856948853,200,5,200,default,naive-kmeans,40:60
0,79,0.5149999856948853,200,5,200,default,naive-kmeans,40:60
0,80,0.5149999856948853,200,5,200,default,naive-kmeans,40:60
0,81,0.5149999856948853,200,5,200,default,naive-kmeans,40:60
0,82,0.5149999856948853,200,5,200,default,naive-kmeans,40:60
0,83,0.5149999856948853,200,5,200,default,naive-kmeans,40:60
0,84,0.5149999856948853,200,5,200,default,naive-kmeans,40:60
0,85,0.5149999856948853,200,5,200,default,naive-kmeans,40:60
0,86,0.5149999856948853,200,5,200,default,naive-kmeans,40:60
0,87,0.5149999856948853,200,5,200,default,naive-kmeans,40:60
0,88,0.5149999856948853,200,5,200,default,naive-kmeans,40:60
0,89,0.5149999856948853,200,5,200,default,naive-kmeans,40:60
0,90,0.5149999856948853,200,5,200,default,naive-kmeans,40:60
0,91,0.5149999856948853,200,5,200,default,naive-kmeans,40:60
0,92,0.5149999856948853,200,5,200,default,naive-kmeans,40:60
0,93,0.5149999856948853,200,5,200,default,naive-kmeans,40:60
0,94,0.5149999856948853,200,5,200,default,naive-kmeans,40:60
0,95,0.5149999856948853,200,5,200,default,naive-kmeans,40:60
0,96,0.5149999856948853,200,5,200,default,naive-kmeans,40:60
0,97,0.5149999856948853,200,5,200,default,naive-kmeans,40:60
0,98,0.5149999856948853,200,5,200,default,naive-kmeans,40:60
0,99,0.5149999856948853,200,5,200,default,naive-kmeans,40:60
1,0,0.5099999904632568,200,5,200,default,naive-kmeans,40:60
1,1,0.4749999940395355,200,5,200,default,naive-kmeans,40:60
1,2,0.47999998927116394,200,5,200,default,naive-kmeans,40:60
1,3,0.49000000953674316,200,5,200,default,naive-kmeans,40:60
1,4,0.4749999940395355,200,5,200,default,naive-kmeans,40:60
1,5,0.5099999904632568,200,5,200,default,naive-kmeans,40:60
1,6,0.5099999904632568,200,5,200,default,naive-kmeans,40:60
1,7,0.5099999904632568,200,5,200,default,naive-kmeans,40:60
1,8,0.5099999904632568,200,5,200,default,naive-kmeans,40:60
1,9,0.5099999904632568,200,5,200,default,naive-kmeans,40:60
1,10,0.5099999904632568,200,5,200,default,naive-kmeans,40:60
1,11,0.5099999904632568,200,5,200,default,naive-kmeans,40:60
1,12,0.5099999904632568,200,5,200,default,naive-kmeans,40:60
1,13,0.5099999904632568,200,5,200,default,naive-kmeans,40:60
1,14,0.5099999904632568,200,5,200,default,naive-kmeans,40:60
1,15,0.5099999904632568,200,5,200,default,naive-kmeans,40:60
1,16,0.5099999904632568,200,5,200,default,naive-kmeans,40:60
1,17,0.5099999904632568,200,5,200,default,naive-kmeans,40:60
1,18,0.5099999904632568,200,5,200,default,naive-kmeans,40:60
1,19,0.5099999904632568,200,5,200,default,naive-kmeans,40:60
1,20,0.5099999904632568,200,5,200,default,naive-kmeans,40:60
1,21,0.5099999904632568,200,5,200,default,naive-kmeans,40:60
1,22,0.5099999904632568,200,5,200,default,naive-kmeans,40:60
1,23,0.5099999904632568,200,5,200,default,naive-kmeans,40:60
1,24,0.5099999904632568,200,5,200,default,naive-kmeans,40:60
1,25,0.5099999904632568,200,5,200,default,naive-kmeans,40:60
1,26,0.5099999904632568,200,5,200,default,naive-kmeans,40:60
1,27,0.5099999904632568,200,5,200,default,naive-kmeans,40:60
1,28,0.5099999904632568,200,5,200,default,naive-kmeans,40:60
1,29,0.5099999904632568,200,5,200,default,naive-kmeans,40:60
1,30,0.5099999904632568,200,5,200,default,naive-kmeans,40:60
1,31,0.5099999904632568,200,5,200,default,naive-kmeans,40:60
1,32,0.5099999904632568,200,5,200,default,naive-kmeans,40:60
1,33,0.5099999904632568,200,5,200,default,naive-kmeans,40:60
1,34,0.5099999904632568,200,5,200,default,naive-kmeans,40:60
1,35,0.5099999904632568,200,5,200,default,naive-kmeans,40:60
1,36,0.5099999904632568,200,5,200,default,naive-kmeans,40:60
1,37,0.5099999904632568,200,5,200,default,naive-kmeans,40:60
1,38,0.5099999904632568,200,5,200,default,naive-kmeans,40:60
1,39,0.5099999904632568,200,5,200,default,naive-kmeans,40:60
1,40,0.5099999904632568,200,5,200,default,naive-kmeans,40:60
1,41,0.5099999904632568,200,5,200,default,naive-kmeans,40:60
1,42,0.5099999904632568,200,5,200,default,naive-kmeans,40:60
1,43,0.5099999904632568,200,5,200,default,naive-kmeans,40:60
1,44,0.5099999904632568,200,5,200,default,naive-kmeans,40:60
1,45,0.5099999904632568,200,5,200,default,naive-kmeans,40:60
1,46,0.5099999904632568,200,5,200,default,naive-kmeans,40:60
1,47,0.5099999904632568,200,5,200,default,naive-kmeans,40:60
1,48,0.5099999904632568,200,5,200,default,naive-kmeans,40:60
1,49,0.5099999904632568,200,5,200,default,naive-kmeans,40:60
1,50,0.5099999904632568,200,5,200,default,naive-kmeans,40:60
1,51,0.5099999904632568,200,5,200,default,naive-kmeans,40:60
1,52,0.5099999904632568,200,5,200,default,naive-kmeans,40:60
1,53,0.5099999904632568,200,5,200,default,naive-kmeans,40:60
1,54,0.5099999904632568,200,5,200,default,naive-kmeans,40:60
1,55,0.5099999904632568,200,5,200,default,naive-kmeans,40:60
1,56,0.5099999904632568,200,5,200,default,naive-kmeans,40:60
1,57,0.5099999904632568,200,5,200,default,naive-kmeans,40:60
1,58,0.5099999904632568,200,5,200,default,naive-kmeans,40:60
1,59,0.5099999904632568,200,5,200,default,naive-kmeans,40:60
1,60,0.5099999904632568,200,5,200,default,naive-kmeans,40:60
1,61,0.5099999904632568,200,5,200,default,naive-kmeans,40:60
1,62,0.5099999904632568,200,5,200,default,naive-kmeans,40:60
1,63,0.5099999904632568,200,5,200,default,naive-kmeans,40:60
1,64,0.5099999904632568,200,5,200,default,naive-kmeans,40:60
1,65,0.5099999904632568,200,5,200,default,naive-kmeans,40:60
1,66,0.5099999904632568,200,5,200,default,naive-kmeans,40:60
1,67,0.5099999904632568,200,5,200,default,naive-kmeans,40:60
1,68,0.5099999904632568,200,5,200,default,naive-kmeans,40:60
1,69,0.5099999904632568,200,5,200,default,naive-kmeans,40:60
1,70,0.5099999904632568,200,5,200,default,naive-kmeans,40:60
1,71,0.5099999904632568,200,5,200,default,naive-kmeans,40:60
1,72,0.5099999904632568,200,5,200,default,naive-kmeans,40:60
1,73,0.5099999904632568,200,5,200,default,naive-kmeans,40:60
1,74,0.5099999904632568,200,5,200,default,naive-kmeans,40:60
1,75,0.5099999904632568,200,5,200,default,naive-kmeans,40:60
1,76,0.5099999904632568,200,5,200,default,naive-kmeans,40:60
1,77,0.5099999904632568,200,5,200,default,naive-kmeans,40:60
1,78,0.5099999904632568,200,5,200,default,naive-kmeans,40:60
1,79,0.5099999904632568,200,5,200,default,naive-kmeans,40:60
1,80,0.5099999904632568,200,5,200,default,naive-kmeans,40:60
1,81,0.5099999904632568,200,5,200,default,naive-kmeans,40:60
1,82,0.5099999904632568,200,5,200,default,naive-kmeans,40:60
1,83,0.5099999904632568,200,5,200,default,naive-kmeans,40:60
1,84,0.5099999904632568,200,5,200,default,naive-kmeans,40:60
1,85,0.5099999904632568,200,5,200,default,naive-kmeans,40:60
1,86,0.5099999904632568,200,5,200,default,naive-kmeans,40:60
1,87,0.5099999904632568,200,5,200,default,naive-kmeans,40:60
1,88,0.5099999904632568,200,5,200,default,naive-kmeans,40:60
1,89,0.5099999904632568,200,5,200,default,naive-kmeans,40:60
1,90,0.5099999904632568,200,5,200,default,naive-kmeans,40:60
1,91,0.5099999904632568,200,5,200,default,naive-kmeans,40:60
1,92,0.5099999904632568,200,5,200,default,naive-kmeans,40:60
1,93,0.5099999904632568,200,5,200,default,naive-kmeans,40:60
1,94,0.5099999904632568,200,5,200,default,naive-kmeans,40:60
1,95,0.5099999904632568,200,5,200,default,naive-kmeans,40:60
1,96,0.5099999904632568,200,5,200,default,naive-kmeans,40:60
1,97,0.5099999904632568,200,5,200,default,naive-kmeans,40:60
1,98,0.5099999904632568,200,5,200,default,naive-kmeans,40:60
1,99,0.5099999904632568,200,5,200,default,naive-kmeans,40:60
2,0,0.4950000047683716,200,5,200,default,naive-kmeans,40:60
2,1,0.5099999904632568,200,5,200,default,naive-kmeans,40:60
2,2,0.48500001430511475,200,5,200,default,naive-kmeans,40:60
2,3,0.4699999988079071,200,5,200,default,naive-kmeans,40:60
2,4,0.5149999856948853,200,5,200,default,naive-kmeans,40:60
2,5,0.5149999856948853,200,5,200,default,naive-kmeans,40:60
2,6,0.47999998927116394,200,5,200,default,naive-kmeans,40:60
2,7,0.4749999940395355,200,5,200,default,naive-kmeans,40:60
2,8,0.4950000047683716,200,5,200,default,naive-kmeans,40:60
2,9,0.4749999940395355,200,5,200,default,naive-kmeans,40:60
2,10,0.47999998927116394,200,5,200,default,naive-kmeans,40:60
2,11,0.4749999940395355,200,5,200,default,naive-kmeans,40:60
2,12,0.47999998927116394,200,5,200,default,naive-kmeans,40:60
2,13,0.5149999856948853,200,5,200,default,naive-kmeans,40:60
2,14,0.5149999856948853,200,5,200,default,naive-kmeans,40:60
2,15,0.5149999856948853,200,5,200,default,naive-kmeans,40:60
2,16,0.5149999856948853,200,5,200,default,naive-kmeans,40:60
2,17,0.5149999856948853,200,5,200,default,naive-kmeans,40:60
2,18,0.5149999856948853,200,5,200,default,naive-kmeans,40:60
2,19,0.5149999856948853,200,5,200,default,naive-kmeans,40:60
2,20,0.5149999856948853,200,5,200,default,naive-kmeans,40:60
2,21,0.5149999856948853,200,5,200,default,naive-kmeans,40:60
2,22,0.5149999856948853,200,5,200,default,naive-kmeans,40:60
2,23,0.5149999856948853,200,5,200,default,naive-kmeans,40:60
2,24,0.5149999856948853,200,5,200,default,naive-kmeans,40:60
2,25,0.5149999856948853,200,5,200,default,naive-kmeans,40:60
2,26,0.5149999856948853,200,5,200,default,naive-kmeans,40:60
2,27,0.5149999856948853,200,5,200,default,naive-kmeans,40:60
2,28,0.5149999856948853,200,5,200,default,naive-kmeans,40:60
2,29,0.5149999856948853,200,5,200,default,naive-kmeans,40:60
2,30,0.5149999856948853,200,5,200,default,naive-kmeans,40:60
2,31,0.5149999856948853,200,5,200,default,naive-kmeans,40:60
2,32,0.5149999856948853,200,5,200,default,naive-kmeans,40:60
2,33,0.5149999856948853,200,5,200,default,naive-kmeans,40:60
2,34,0.5149999856948853,200,5,200,default,naive-kmeans,40:60
2,35,0.5149999856948853,200,5,200,default,naive-kmeans,40:60
2,36,0.5149999856948853,200,5,200,default,naive-kmeans,40:60
2,37,0.5149999856948853,200,5,200,default,naive-kmeans,40:60
2,38,0.5149999856948853,200,5,200,default,naive-kmeans,40:60
2,39,0.5149999856948853,200,5,200,default,naive-kmeans,40:60
2,40,0.5149999856948853,200,5,200,default,naive-kmeans,40:60
2,41,0.5149999856948853,200,5,200,default,naive-kmeans,40:60
2,42,0.5149999856948853,200,5,200,default,naive-kmeans,40:60
2,43,0.5149999856948853,200,5,200,default,naive-kmeans,40:60
2,44,0.5149999856948853,200,5,200,default,naive-kmeans,40:60
2,45,0.5149999856948853,200,5,200,default,naive-kmeans,40:60
2,46,0.5149999856948853,200,5,200,default,naive-kmeans,40:60
2,47,0.5149999856948853,200,5,200,default,naive-kmeans,40:60
2,48,0.5149999856948853,200,5,200,default,naive-kmeans,40:60
2,49,0.5149999856948853,200,5,200,default,naive-kmeans,40:60
2,50,0.5149999856948853,200,5,200,default,naive-kmeans,40:60
2,51,0.5149999856948853,200,5,200,default,naive-kmeans,40:60
2,52,0.5149999856948853,200,5,200,default,naive-kmeans,40:60
2,53,0.5149999856948853,200,5,200,default,naive-kmeans,40:60
2,54,0.5149999856948853,200,5,200,default,naive-kmeans,40:60
2,55,0.5149999856948853,200,5,200,default,naive-kmeans,40:60
2,56,0.5149999856948853,200,5,200,default,naive-kmeans,40:60
2,57,0.5149999856948853,200,5,200,default,naive-kmeans,40:60
2,58,0.5149999856948853,200,5,200,default,naive-kmeans,40:60
2,59,0.5149999856948853,200,5,200,default,naive-kmeans,40:60
2,60,0.5149999856948853,200,5,200,default,naive-kmeans,40:60
2,61,0.5149999856948853,200,5,200,default,naive-kmeans,40:60
2,62,0.5149999856948853,200,5,200,default,naive-kmeans,40:60
2,63,0.5149999856948853,200,5,200,default,naive-kmeans,40:60
2,64,0.5149999856948853,200,5,200,default,naive-kmeans,40:60
2,65,0.5149999856948853,200,5,200,default,naive-kmeans,40:60
2,66,0.5149999856948853,200,5,200,default,naive-kmeans,40:60
2,67,0.5149999856948853,200,5,200,default,naive-kmeans,40:60
2,68,0.5149999856948853,200,5,200,default,naive-kmeans,40:60
2,69,0.5149999856948853,200,5,200,default,naive-kmeans,40:60
2,70,0.5149999856948853,200,5,200,default,naive-kmeans,40:60
2,71,0.5149999856948853,200,5,200,default,naive-kmeans,40:60
2,72,0.5149999856948853,200,5,200,default,naive-kmeans,40:60
2,73,0.5149999856948853,200,5,200,default,naive-kmeans,40:60
2,74,0.5149999856948853,200,5,200,default,naive-kmeans,40:60
2,75,0.5149999856948853,200,5,200,default,naive-kmeans,40:60
2,76,0.5149999856948853,200,5,200,default,naive-kmeans,40:60
2,77,0.5149999856948853,200,5,200,default,naive-kmeans,40:60
2,78,0.5149999856948853,200,5,200,default,naive-kmeans,40:60
2,79,0.5149999856948853,200,5,200,default,naive-kmeans,40:60
2,80,0.5149999856948853,200,5,200,default,naive-kmeans,40:60
2,81,0.5149999856948853,200,5,200,default,naive-kmeans,40:60
2,82,0.5149999856948853,200,5,200,default,naive-kmeans,40:60
2,83,0.5149999856948853,200,5,200,default,naive-kmeans,40:60
2,84,0.5149999856948853,200,5,200,default,naive-kmeans,40:60
2,85,0.5149999856948853,200,5,200,default,naive-kmeans,40:60
2,86,0.5149999856948853,200,5,200,default,naive-kmeans,40:60
2,87,0.5149999856948853,200,5,200,default,naive-kmeans,40:60
2,88,0.5149999856948853,200,5,200,default,naive-kmeans,40:60
2,89,0.5149999856948853,200,5,200,default,naive-kmeans,40:60
2,90,0.5149999856948853,200,5,200,default,naive-kmeans,40:60
2,91,0.5149999856948853,200,5,200,default,naive-kmeans,40:60
2,92,0.5149999856948853,200,5,200,default,naive-kmeans,40:60
2,93,0.5149999856948853,200,5,200,default,naive-kmeans,40:60
2,94,0.5149999856948853,200,5,200,default,naive-kmeans,40:60
2,95,0.5149999856948853,200,5,200,default,naive-kmeans,40:60
2,96,0.5149999856948853,200,5,200,default,naive-kmeans,40:60
2,97,0.5149999856948853,200,5,200,default,naive-kmeans,40:60
2,98,0.5149999856948853,200,5,200,default,naive-kmeans,40:60
2,99,0.5149999856948853,200,5,200,default,naive-kmeans,40:60
3,0,0.4749999940395355,200,5,200,default,naive-kmeans,40:60
3,1,0.47999998927116394,200,5,200,default,naive-kmeans,40:60
3,2,0.4650000035762787,200,5,200,default,naive-kmeans,40:60
3,3,0.4650000035762787,200,5,200,default,naive-kmeans,40:60
3,4,0.4950000047683716,200,5,200,default,naive-kmeans,40:60
3,5,0.4699999988079071,200,5,200,default,naive-kmeans,40:60
3,6,0.4699999988079071,200,5,200,default,naive-kmeans,40:60
3,7,0.49000000953674316,200,5,200,default,naive-kmeans,40:60
3,8,0.48500001430511475,200,5,200,default,naive-kmeans,40:60
3,9,0.5,200,5,200,default,naive-kmeans,40:60
3,10,0.47999998927116394,200,5,200,default,naive-kmeans,40:60
3,11,0.48500001430511475,200,5,200,default,naive-kmeans,40:60
3,12,0.46000000834465027,200,5,200,default,naive-kmeans,40:60
3,13,0.5,200,5,200,default,naive-kmeans,40:60
3,14,0.5,200,5,200,default,naive-kmeans,40:60
3,15,0.5,200,5,200,default,naive-kmeans,40:60
3,16,0.5,200,5,200,default,naive-kmeans,40:60
3,17,0.5,200,5,200,default,naive-kmeans,40:60
3,18,0.5,200,5,200,default,naive-kmeans,40:60
3,19,0.5,200,5,200,default,naive-kmeans,40:60
3,20,0.5,200,5,200,default,naive-kmeans,40:60
3,21,0.5,200,5,200,default,naive-kmeans,40:60
3,22,0.5,200,5,200,default,naive-kmeans,40:60
3,23,0.5,200,5,200,default,naive-kmeans,40:60
3,24,0.5,200,5,200,default,naive-kmeans,40:60
3,25,0.5,200,5,200,default,naive-kmeans,40:60
3,26,0.5,200,5,200,default,naive-kmeans,40:60
3,27,0.5,200,5,200,default,naive-kmeans,40:60
3,28,0.5,200,5,200,default,naive-kmeans,40:60
3,29,0.5,200,5,200,default,naive-kmeans,40:60
3,30,0.5,200,5,200,default,naive-kmeans,40:60
3,31,0.5,200,5,200,default,naive-kmeans,40:60
3,32,0.5,200,5,200,default,naive-kmeans,40:60
3,33,0.5,200,5,200,default,naive-kmeans,40:60
3,34,0.5,200,5,200,default,naive-kmeans,40:60
3,35,0.5,200,5,200,default,naive-kmeans,40:60
3,36,0.5,200,5,200,default,naive-kmeans,40:60
3,37,0.5,200,5,200,default,naive-kmeans,40:60
3,38,0.5,200,5,200,default,naive-kmeans,40:60
3,39,0.5,200,5,200,default,naive-kmeans,40:60
3,40,0.5,200,5,200,default,naive-kmeans,40:60
3,41,0.5,200,5,200,default,naive-kmeans,40:60
3,42,0.5,200,5,200,default,naive-kmeans,40:60
3,43,0.5,200,5,200,default,naive-kmeans,40:60
3,44,0.5,200,5,200,default,naive-kmeans,40:60
3,45,0.5,200,5,200,default,naive-kmeans,40:60
3,46,0.5,200,5,200,default,naive-kmeans,40:60
3,47,0.5,200,5,200,default,naive-kmeans,40:60
3,48,0.5,200,5,200,default,naive-kmeans,40:60
3,49,0.5,200,5,200,default,naive-kmeans,40:60
3,50,0.5,200,5,200,default,naive-kmeans,40:60
3,51,0.5,200,5,200,default,naive-kmeans,40:60
3,52,0.5,200,5,200,default,naive-kmeans,40:60
3,53,0.5,200,5,200,default,naive-kmeans,40:60
3,54,0.5,200,5,200,default,naive-kmeans,40:60
3,55,0.5,200,5,200,default,naive-kmeans,40:60
3,56,0.5,200,5,200,default,naive-kmeans,40:60
3,57,0.5,200,5,200,default,naive-kmeans,40:60
3,58,0.5,200,5,200,default,naive-kmeans,40:60
3,59,0.5,200,5,200,default,naive-kmeans,40:60
3,60,0.5,200,5,200,default,naive-kmeans,40:60
3,61,0.5,200,5,200,default,naive-kmeans,40:60
3,62,0.5,200,5,200,default,naive-kmeans,40:60
3,63,0.5,200,5,200,default,naive-kmeans,40:60
3,64,0.5,200,5,200,default,naive-kmeans,40:60
3,65,0.5,200,5,200,default,naive-kmeans,40:60
3,66,0.5,200,5,200,default,naive-kmeans,40:60
3,67,0.5,200,5,200,default,naive-kmeans,40:60
3,68,0.5,200,5,200,default,naive-kmeans,40:60
3,69,0.5,200,5,200,default,naive-kmeans,40:60
3,70,0.5,200,5,200,default,naive-kmeans,40:60
3,71,0.5,200,5,200,default,naive-kmeans,40:60
3,72,0.5,200,5,200,default,naive-kmeans,40:60
3,73,0.5,200,5,200,default,naive-kmeans,40:60
3,74,0.5,200,5,200,default,naive-kmeans,40:60
3,75,0.5,200,5,200,default,naive-kmeans,40:60
3,76,0.5,200,5,200,default,naive-kmeans,40:60
3,77,0.5,200,5,200,default,naive-kmeans,40:60
3,78,0.5,200,5,200,default,naive-kmeans,40:60
3,79,0.5,200,5,200,default,naive-kmeans,40:60
3,80,0.5,200,5,200,default,naive-kmeans,40:60
3,81,0.5,200,5,200,default,naive-kmeans,40:60
3,82,0.5,200,5,200,default,naive-kmeans,40:60
3,83,0.5,200,5,200,default,naive-kmeans,40:60
3,84,0.5,200,5,200,default,naive-kmeans,40:60
3,85,0.5,200,5,200,default,naive-kmeans,40:60
3,86,0.5,200,5,200,default,naive-kmeans,40:60
3,87,0.5,200,5,200,default,naive-kmeans,40:60
3,88,0.5,200,5,200,default,naive-kmeans,40:60
3,89,0.5,200,5,200,default,naive-kmeans,40:60
3,90,0.5,200,5,200,default,naive-kmeans,40:60
3,91,0.5,200,5,200,default,naive-kmeans,40:60
3,92,0.5,200,5,200,default,naive-kmeans,40:60
3,93,0.5,200,5,200,default,naive-kmeans,40:60
3,94,0.5,200,5,200,default,naive-kmeans,40:60
3,95,0.5,200,5,200,default,naive-kmeans,40:60
3,96,0.5,200,5,200,default,naive-kmeans,40:60
3,97,0.5,200,5,200,default,naive-kmeans,40:60
3,98,0.5,200,5,200,default,naive-kmeans,40:60
3,99,0.5,200,5,200,default,naive-kmeans,40:60
4,0,0.4300000071525574,200,5,200,default,naive-kmeans,40:60
4,1,0.5249999761581421,200,5,200,default,naive-kmeans,40:60
4,2,0.4399999976158142,200,5,200,default,naive-kmeans,40:60
4,3,0.4449999928474426,200,5,200,default,naive-kmeans,40:60
4,4,0.5099999904632568,200,5,200,default,naive-kmeans,40:60
4,5,0.5099999904632568,200,5,200,default,naive-kmeans,40:60
4,6,0.4650000035762787,200,5,200,default,naive-kmeans,40:60
4,7,0.5,200,5,200,default,naive-kmeans,40:60
4,8,0.49000000953674316,200,5,200,default,naive-kmeans,40:60
4,9,0.49000000953674316,200,5,200,default,naive-kmeans,40:60
4,10,0.4399999976158142,200,5,200,default,naive-kmeans,40:60
4,11,0.5249999761581421,200,5,200,default,naive-kmeans,40:60
4,12,0.5249999761581421,200,5,200,default,naive-kmeans,40:60
4,13,0.5249999761581421,200,5,200,default,naive-kmeans,40:60
4,14,0.5249999761581421,200,5,200,default,naive-kmeans,40:60
4,15,0.5249999761581421,200,5,200,default,naive-kmeans,40:60
4,16,0.5249999761581421,200,5,200,default,naive-kmeans,40:60
4,17,0.5249999761581421,200,5,200,default,naive-kmeans,40:60
4,18,0.5249999761581421,200,5,200,default,naive-kmeans,40:60
4,19,0.5249999761581421,200,5,200,default,naive-kmeans,40:60
4,20,0.5249999761581421,200,5,200,default,naive-kmeans,40:60
4,21,0.5249999761581421,200,5,200,default,naive-kmeans,40:60
4,22,0.5249999761581421,200,5,200,default,naive-kmeans,40:60
4,23,0.5249999761581421,200,5,200,default,naive-kmeans,40:60
4,24,0.5249999761581421,200,5,200,default,naive-kmeans,40:60
4,25,0.5249999761581421,200,5,200,default,naive-kmeans,40:60
4,26,0.5249999761581421,200,5,200,default,naive-kmeans,40:60
4,27,0.5249999761581421,200,5,200,default,naive-kmeans,40:60
4,28,0.5249999761581421,200,5,200,default,naive-kmeans,40:60
4,29,0.5249999761581421,200,5,200,default,naive-kmeans,40:60
4,30,0.5249999761581421,200,5,200,default,naive-kmeans,40:60
4,31,0.5249999761581421,200,5,200,default,naive-kmeans,40:60
4,32,0.5249999761581421,200,5,200,default,naive-kmeans,40:60
4,33,0.5249999761581421,200,5,200,default,naive-kmeans,40:60
4,34,0.5249999761581421,200,5,200,default,naive-kmeans,40:60
4,35,0.5249999761581421,200,5,200,default,naive-kmeans,40:60
4,36,0.5249999761581421,200,5,200,default,naive-kmeans,40:60
4,37,0.5249999761581421,200,5,200,default,naive-kmeans,40:60
4,38,0.5249999761581421,200,5,200,default,naive-kmeans,40:60
4,39,0.5249999761581421,200,5,200,default,naive-kmeans,40:60
4,40,0.5249999761581421,200,5,200,default,naive-kmeans,40:60
4,41,0.5249999761581421,200,5,200,default,naive-kmeans,40:60
4,42,0.5249999761581421,200,5,200,default,naive-kmeans,40:60
4,43,0.5249999761581421,200,5,200,default,naive-kmeans,40:60
4,44,0.5249999761581421,200,5,200,default,naive-kmeans,40:60
4,45,0.5249999761581421,200,5,200,default,naive-kmeans,40:60
4,46,0.5249999761581421,200,5,200,default,naive-kmeans,40:60
4,47,0.5249999761581421,200,5,200,default,naive-kmeans,40:60
4,48,0.5249999761581421,200,5,200,default,naive-kmeans,40:60
4,49,0.5249999761581421,200,5,200,default,naive-kmeans,40:60
4,50,0.5249999761581421,200,5,200,default,naive-kmeans,40:60
4,51,0.5249999761581421,200,5,200,default,naive-kmeans,40:60
4,52,0.5249999761581421,200,5,200,default,naive-kmeans,40:60
4,53,0.5249999761581421,200,5,200,default,naive-kmeans,40:60
4,54,0.5249999761581421,200,5,200,default,naive-kmeans,40:60
4,55,0.5249999761581421,200,5,200,default,naive-kmeans,40:60
4,56,0.5249999761581421,200,5,200,default,naive-kmeans,40:60
4,57,0.5249999761581421,200,5,200,default,naive-kmeans,40:60
4,58,0.5249999761581421,200,5,200,default,naive-kmeans,40:60
4,59,0.5249999761581421,200,5,200,default,naive-kmeans,40:60
4,60,0.5249999761581421,200,5,200,default,naive-kmeans,40:60
4,61,0.5249999761581421,200,5,200,default,naive-kmeans,40:60
4,62,0.5249999761581421,200,5,200,default,naive-kmeans,40:60
4,63,0.5249999761581421,200,5,200,default,naive-kmeans,40:60
4,64,0.5249999761581421,200,5,200,default,naive-kmeans,40:60
4,65,0.5249999761581421,200,5,200,default,naive-kmeans,40:60
4,66,0.5249999761581421,200,5,200,default,naive-kmeans,40:60
4,67,0.5249999761581421,200,5,200,default,naive-kmeans,40:60
4,68,0.5249999761581421,200,5,200,default,naive-kmeans,40:60
4,69,0.5249999761581421,200,5,200,default,naive-kmeans,40:60
4,70,0.5249999761581421,200,5,200,default,naive-kmeans,40:60
4,71,0.5249999761581421,200,5,200,default,naive-kmeans,40:60
4,72,0.5249999761581421,200,5,200,default,naive-kmeans,40:60
4,73,0.5249999761581421,200,5,200,default,naive-kmeans,40:60
4,74,0.5249999761581421,200,5,200,default,naive-kmeans,40:60
4,75,0.5249999761581421,200,5,200,default,naive-kmeans,40:60
4,76,0.5249999761581421,200,5,200,default,naive-kmeans,40:60
4,77,0.5249999761581421,200,5,200,default,naive-kmeans,40:60
4,78,0.5249999761581421,200,5,200,default,naive-kmeans,40:60
4,79,0.5249999761581421,200,5,200,default,naive-kmeans,40:60
4,80,0.5249999761581421,200,5,200,default,naive-kmeans,40:60
4,81,0.5249999761581421,200,5,200,default,naive-kmeans,40:60
4,82,0.5249999761581421,200,5,200,default,naive-kmeans,40:60
4,83,0.5249999761581421,200,5,200,default,naive-kmeans,40:60
4,84,0.5249999761581421,200,5,200,default,naive-kmeans,40:60
4,85,0.5249999761581421,200,5,200,default,naive-kmeans,40:60
4,86,0.5249999761581421,200,5,200,default,naive-kmeans,40:60
4,87,0.5249999761581421,200,5,200,default,naive-kmeans,40:60
4,88,0.5249999761581421,200,5,200,default,naive-kmeans,40:60
4,89,0.5249999761581421,200,5,200,default,naive-kmeans,40:60
4,90,0.5249999761581421,200,5,200,default,naive-kmeans,40:60
4,91,0.5249999761581421,200,5,200,default,naive-kmeans,40:60
4,92,0.5249999761581421,200,5,200,default,naive-kmeans,40:60
4,93,0.5249999761581421,200,5,200,default,naive-kmeans,40:60
4,94,0.5249999761581421,200,5,200,default,naive-kmeans,40:60
4,95,0.5249999761581421,200,5,200,default,naive-kmeans,40:60
4,96,0.5249999761581421,200,5,200,default,naive-kmeans,40:60
4,97,0.5249999761581421,200,5,200,default,naive-kmeans,40:60
4,98,0.5249999761581421,200,5,200,default,naive-kmeans,40:60
4,99,0.5249999761581421,200,5,200,default,naive-kmeans,40:60
5,0,0.5400000214576721,200,5,200,default,naive-kmeans,40:60
5,1,0.5199999809265137,200,5,200,default,naive-kmeans,40:60
5,2,0.5149999856948853,200,5,200,default,naive-kmeans,40:60
5,3,0.4950000047683716,200,5,200,default,naive-kmeans,40:60
5,4,0.4699999988079071,200,5,200,default,naive-kmeans,40:60
5,5,0.5099999904632568,200,5,200,default,naive-kmeans,40:60
5,6,0.5,200,5,200,default,naive-kmeans,40:60
5,7,0.48500001430511475,200,5,200,default,naive-kmeans,40:60
5,8,0.49000000953674316,200,5,200,default,naive-kmeans,40:60
5,9,0.5400000214576721,200,5,200,default,naive-kmeans,40:60
5,10,0.47999998927116394,200,5,200,default,naive-kmeans,40:60
5,11,0.48500001430511475,200,5,200,default,naive-kmeans,40:60
5,12,0.4699999988079071,200,5,200,default,naive-kmeans,40:60
5,13,0.5249999761581421,200,5,200,default,naive-kmeans,40:60
5,14,0.5350000262260437,200,5,200,default,naive-kmeans,40:60
5,15,0.5299999713897705,200,5,200,default,naive-kmeans,40:60
5,16,0.5149999856948853,200,5,200,default,naive-kmeans,40:60
5,17,0.5649999976158142,200,5,200,default,naive-kmeans,40:60
5,18,0.48500001430511475,200,5,200,default,naive-kmeans,40:60
5,19,0.4699999988079071,200,5,200,default,naive-kmeans,40:60
5,20,0.46000000834465027,200,5,200,default,naive-kmeans,40:60
5,21,0.5649999976158142,200,5,200,default,naive-kmeans,40:60
5,22,0.550000011920929,200,5,200,default,naive-kmeans,40:60
5,23,0.4650000035762787,200,5,200,default,naive-kmeans,40:60
5,24,0.5149999856948853,200,5,200,default,naive-kmeans,40:60
5,25,0.4749999940395355,200,5,200,default,naive-kmeans,40:60
5,26,0.5649999976158142,200,5,200,default,naive-kmeans,40:60
5,27,0.5649999976158142,200,5,200,default,naive-kmeans,40:60
5,28,0.5649999976158142,200,5,200,default,naive-kmeans,40:60
5,29,0.5649999976158142,200,5,200,default,naive-kmeans,40:60
5,30,0.5649999976158142,200,5,200,default,naive-kmeans,40:60
5,31,0.5649999976158142,200,5,200,default,naive-kmeans,40:60
5,32,0.5649999976158142,200,5,200,default,naive-kmeans,40:60
5,33,0.5649999976158142,200,5,200,default,naive-kmeans,40:60
5,34,0.5649999976158142,200,5,200,default,naive-kmeans,40:60
5,35,0.5649999976158142,200,5,200,default,naive-kmeans,40:60
5,36,0.5649999976158142,200,5,200,default,naive-kmeans,40:60
5,37,0.5649999976158142,200,5,200,default,naive-kmeans,40:60
5,38,0.5649999976158142,200,5,200,default,naive-kmeans,40:60
5,39,0.5649999976158142,200,5,200,default,naive-kmeans,40:60
5,40,0.5649999976158142,200,5,200,default,naive-kmeans,40:60
5,41,0.5649999976158142,200,5,200,default,naive-kmeans,40:60
5,42,0.5649999976158142,200,5,200,default,naive-kmeans,40:60
5,43,0.5649999976158142,200,5,200,default,naive-kmeans,40:60
5,44,0.5649999976158142,200,5,200,default,naive-kmeans,40:60
5,45,0.5649999976158142,200,5,200,default,naive-kmeans,40:60
5,46,0.5649999976158142,200,5,200,default,naive-kmeans,40:60
5,47,0.5649999976158142,200,5,200,default,naive-kmeans,40:60
5,48,0.5649999976158142,200,5,200,default,naive-kmeans,40:60
5,49,0.5649999976158142,200,5,200,default,naive-kmeans,40:60
5,50,0.5649999976158142,200,5,200,default,naive-kmeans,40:60
5,51,0.5649999976158142,200,5,200,default,naive-kmeans,40:60
5,52,0.5649999976158142,200,5,200,default,naive-kmeans,40:60
5,53,0.5649999976158142,200,5,200,default,naive-kmeans,40:60
5,54,0.5649999976158142,200,5,200,default,naive-kmeans,40:60
5,55,0.5649999976158142,200,5,200,default,naive-kmeans,40:60
5,56,0.5649999976158142,200,5,200,default,naive-kmeans,40:60
5,57,0.5649999976158142,200,5,200,default,naive-kmeans,40:60
5,58,0.5649999976158142,200,5,200,default,naive-kmeans,40:60
5,59,0.5649999976158142,200,5,200,default,naive-kmeans,40:60
5,60,0.5649999976158142,200,5,200,default,naive-kmeans,40:60
5,61,0.5649999976158142,200,5,200,default,naive-kmeans,40:60
5,62,0.5649999976158142,200,5,200,default,naive-kmeans,40:60
5,63,0.5649999976158142,200,5,200,default,naive-kmeans,40:60
5,64,0.5649999976158142,200,5,200,default,naive-kmeans,40:60
5,65,0.5649999976158142,200,5,200,default,naive-kmeans,40:60
5,66,0.5649999976158142,200,5,200,default,naive-kmeans,40:60
5,67,0.5649999976158142,200,5,200,default,naive-kmeans,40:60
5,68,0.5649999976158142,200,5,200,default,naive-kmeans,40:60
5,69,0.5649999976158142,200,5,200,default,naive-kmeans,40:60
5,70,0.5649999976158142,200,5,200,default,naive-kmeans,40:60
5,71,0.5649999976158142,200,5,200,default,naive-kmeans,40:60
5,72,0.5649999976158142,200,5,200,default,naive-kmeans,40:60
5,73,0.5649999976158142,200,5,200,default,naive-kmeans,40:60
5,74,0.5649999976158142,200,5,200,default,naive-kmeans,40:60
5,75,0.5649999976158142,200,5,200,default,naive-kmeans,40:60
5,76,0.5649999976158142,200,5,200,default,naive-kmeans,40:60
5,77,0.5649999976158142,200,5,200,default,naive-kmeans,40:60
5,78,0.5649999976158142,200,5,200,default,naive-kmeans,40:60
5,79,0.5649999976158142,200,5,200,default,naive-kmeans,40:60
5,80,0.5649999976158142,200,5,200,default,naive-kmeans,40:60
5,81,0.5649999976158142,200,5,200,default,naive-kmeans,40:60
5,82,0.5649999976158142,200,5,200,default,naive-kmeans,40:60
5,83,0.5649999976158142,200,5,200,default,naive-kmeans,40:60
5,84,0.5649999976158142,200,5,200,default,naive-kmeans,40:60
5,85,0.5649999976158142,200,5,200,default,naive-kmeans,40:60
5,86,0.5649999976158142,200,5,200,default,naive-kmeans,40:60
5,87,0.5649999976158142,200,5,200,default,naive-kmeans,40:60
5,88,0.5649999976158142,200,5,200,default,naive-kmeans,40:60
5,89,0.5649999976158142,200,5,200,default,naive-kmeans,40:60
5,90,0.5649999976158142,200,5,200,default,naive-kmeans,40:60
5,91,0.5649999976158142,200,5,200,default,naive-kmeans,40:60
5,92,0.5649999976158142,200,5,200,default,naive-kmeans,40:60
5,93,0.5649999976158142,200,5,200,default,naive-kmeans,40:60
5,94,0.5649999976158142,200,5,200,default,naive-kmeans,40:60
5,95,0.5649999976158142,200,5,200,default,naive-kmeans,40:60
5,96,0.5649999976158142,200,5,200,default,naive-kmeans,40:60
5,97,0.5649999976158142,200,5,200,default,naive-kmeans,40:60
5,98,0.5649999976158142,200,5,200,default,naive-kmeans,40:60
5,99,0.5649999976158142,200,5,200,default,naive-kmeans,40:60
6,0,0.45500001311302185,200,5,200,default,naive-kmeans,40:60
6,1,0.45500001311302185,200,5,200,default,naive-kmeans,40:60
6,2,0.44999998807907104,200,5,200,default,naive-kmeans,40:60
6,3,0.4749999940395355,200,5,200,default,naive-kmeans,40:60
6,4,0.4449999928474426,200,5,200,default,naive-kmeans,40:60
6,5,0.46000000834465027,200,5,200,default,naive-kmeans,40:60
6,6,0.41999998688697815,200,5,200,default,naive-kmeans,40:60
6,7,0.45500001311302185,200,5,200,default,naive-kmeans,40:60
6,8,0.4650000035762787,200,5,200,default,naive-kmeans,40:60
6,9,0.49000000953674316,200,5,200,default,naive-kmeans,40:60
6,10,0.5099999904632568,200,5,200,default,naive-kmeans,40:60
6,11,0.45500001311302185,200,5,200,default,naive-kmeans,40:60
6,12,0.41499999165534973,200,5,200,default,naive-kmeans,40:60
6,13,0.4749999940395355,200,5,200,default,naive-kmeans,40:60
6,14,0.47999998927116394,200,5,200,default,naive-kmeans,40:60
6,15,0.5049999952316284,200,5,200,default,naive-kmeans,40:60
6,16,0.49000000953674316,200,5,200,default,naive-kmeans,40:60
6,17,0.4650000035762787,200,5,200,default,naive-kmeans,40:60
6,18,0.4699999988079071,200,5,200,default,naive-kmeans,40:60
6,19,0.45500001311302185,200,5,200,default,naive-kmeans,40:60
6,20,0.4449999928474426,200,5,200,default,naive-kmeans,40:60
6,21,0.4449999928474426,200,5,200,default,naive-kmeans,40:60
6,22,0.4350000023841858,200,5,200,default,naive-kmeans,40:60
6,23,0.46000000834465027,200,5,200,default,naive-kmeans,40:60
6,24,0.5099999904632568,200,5,200,default,naive-kmeans,40:60
6,25,0.5099999904632568,200,5,200,default,naive-kmeans,40:60
6,26,0.5099999904632568,200,5,200,default,naive-kmeans,40:60
6,27,0.5099999904632568,200,5,200,default,naive-kmeans,40:60
6,28,0.5099999904632568,200,5,200,default,naive-kmeans,40:60
6,29,0.5099999904632568,200,5,200,default,naive-kmeans,40:60
6,30,0.5099999904632568,200,5,200,default,naive-kmeans,40:60
6,31,0.5099999904632568,200,5,200,default,naive-kmeans,40:60
6,32,0.5099999904632568,200,5,200,default,naive-kmeans,40:60
6,33,0.5099999904632568,200,5,200,default,naive-kmeans,40:60
6,34,0.5099999904632568,200,5,200,default,naive-kmeans,40:60
6,35,0.5099999904632568,200,5,200,default,naive-kmeans,40:60
6,36,0.5099999904632568,200,5,200,default,naive-kmeans,40:60
6,37,0.5099999904632568,200,5,200,default,naive-kmeans,40:60
6,38,0.5099999904632568,200,5,200,default,naive-kmeans,40:60
6,39,0.5099999904632568,200,5,200,default,naive-kmeans,40:60
6,40,0.5099999904632568,200,5,200,default,naive-kmeans,40:60
6,41,0.5099999904632568,200,5,200,default,naive-kmeans,40:60
6,42,0.5099999904632568,200,5,200,default,naive-kmeans,40:60
6,43,0.5099999904632568,200,5,200,default,naive-kmeans,40:60
6,44,0.5099999904632568,200,5,200,default,naive-kmeans,40:60
6,45,0.5099999904632568,200,5,200,default,naive-kmeans,40:60
6,46,0.5099999904632568,200,5,200,default,naive-kmeans,40:60
6,47,0.5099999904632568,200,5,200,default,naive-kmeans,40:60
6,48,0.5099999904632568,200,5,200,default,naive-kmeans,40:60
6,49,0.5099999904632568,200,5,200,default,naive-kmeans,40:60
6,50,0.5099999904632568,200,5,200,default,naive-kmeans,40:60
6,51,0.5099999904632568,200,5,200,default,naive-kmeans,40:60
6,52,0.5099999904632568,200,5,200,default,naive-kmeans,40:60
6,53,0.5099999904632568,200,5,200,default,naive-kmeans,40:60
6,54,0.5099999904632568,200,5,200,default,naive-kmeans,40:60
6,55,0.5099999904632568,200,5,200,default,naive-kmeans,40:60
6,56,0.5099999904632568,200,5,200,default,naive-kmeans,40:60
6,57,0.5099999904632568,200,5,200,default,naive-kmeans,40:60
6,58,0.5099999904632568,200,5,200,default,naive-kmeans,40:60
6,59,0.5099999904632568,200,5,200,default,naive-kmeans,40:60
6,60,0.5099999904632568,200,5,200,default,naive-kmeans,40:60
6,61,0.5099999904632568,200,5,200,default,naive-kmeans,40:60
6,62,0.5099999904632568,200,5,200,default,naive-kmeans,40:60
6,63,0.5099999904632568,200,5,200,default,naive-kmeans,40:60
6,64,0.5099999904632568,200,5,200,default,naive-kmeans,40:60
6,65,0.5099999904632568,200,5,200,default,naive-kmeans,40:60
6,66,0.5099999904632568,200,5,200,default,naive-kmeans,40:60
6,67,0.5099999904632568,200,5,200,default,naive-kmeans,40:60
6,68,0.5099999904632568,200,5,200,default,naive-kmeans,40:60
6,69,0.5099999904632568,200,5,200,default,naive-kmeans,40:60
6,70,0.5099999904632568,200,5,200,default,naive-kmeans,40:60
6,71,0.5099999904632568,200,5,200,default,naive-kmeans,40:60
6,72,0.5099999904632568,200,5,200,default,naive-kmeans,40:60
6,73,0.5099999904632568,200,5,200,default,naive-kmeans,40:60
6,74,0.5099999904632568,200,5,200,default,naive-kmeans,40:60
6,75,0.5099999904632568,200,5,200,default,naive-kmeans,40:60
6,76,0.5099999904632568,200,5,200,default,naive-kmeans,40:60
6,77,0.5099999904632568,200,5,200,default,naive-kmeans,40:60
6,78,0.5099999904632568,200,5,200,default,naive-kmeans,40:60
6,79,0.5099999904632568,200,5,200,default,naive-kmeans,40:60
6,80,0.5099999904632568,200,5,200,default,naive-kmeans,40:60
6,81,0.5099999904632568,200,5,200,default,naive-kmeans,40:60
6,82,0.5099999904632568,200,5,200,default,naive-kmeans,40:60
6,83,0.5099999904632568,200,5,200,default,naive-kmeans,40:60
6,84,0.5099999904632568,200,5,200,default,naive-kmeans,40:60
6,85,0.5099999904632568,200,5,200,default,naive-kmeans,40:60
6,86,0.5099999904632568,200,5,200,default,naive-kmeans,40:60
6,87,0.5099999904632568,200,5,200,default,naive-kmeans,40:60
6,88,0.5099999904632568,200,5,200,default,naive-kmeans,40:60
6,89,0.5099999904632568,200,5,200,default,naive-kmeans,40:60
6,90,0.5099999904632568,200,5,200,default,naive-kmeans,40:60
6,91,0.5099999904632568,200,5,200,default,naive-kmeans,40:60
6,92,0.5099999904632568,200,5,200,default,naive-kmeans,40:60
6,93,0.5099999904632568,200,5,200,default,naive-kmeans,40:60
6,94,0.5099999904632568,200,5,200,default,naive-kmeans,40:60
6,95,0.5099999904632568,200,5,200,default,naive-kmeans,40:60
6,96,0.5099999904632568,200,5,200,default,naive-kmeans,40:60
6,97,0.5099999904632568,200,5,200,default,naive-kmeans,40:60
6,98,0.5099999904632568,200,5,200,default,naive-kmeans,40:60
6,99,0.5099999904632568,200,5,200,default,naive-kmeans,40:60
7,0,0.5049999952316284,200,5,200,default,naive-kmeans,40:60
7,1,0.5299999713897705,200,5,200,default,naive-kmeans,40:60
7,2,0.4950000047683716,200,5,200,default,naive-kmeans,40:60
7,3,0.44999998807907104,200,5,200,default,naive-kmeans,40:60
7,4,0.4950000047683716,200,5,200,default,naive-kmeans,40:60
7,5,0.4950000047683716,200,5,200,default,naive-kmeans,40:60
7,6,0.5199999809265137,200,5,200,default,naive-kmeans,40:60
7,7,0.4950000047683716,200,5,200,default,naive-kmeans,40:60
7,8,0.4950000047683716,200,5,200,default,naive-kmeans,40:60
7,9,0.5049999952316284,200,5,200,default,naive-kmeans,40:60
7,10,0.5099999904632568,200,5,200,default,naive-kmeans,40:60
7,11,0.5299999713897705,200,5,200,default,naive-kmeans,40:60
7,12,0.5299999713897705,200,5,200,default,naive-kmeans,40:60
7,13,0.5299999713897705,200,5,200,default,naive-kmeans,40:60
7,14,0.5299999713897705,200,5,200,default,naive-kmeans,40:60
7,15,0.5299999713897705,200,5,200,default,naive-kmeans,40:60
7,16,0.5299999713897705,200,5,200,default,naive-kmeans,40:60
7,17,0.5299999713897705,200,5,200,default,naive-kmeans,40:60
7,18,0.5299999713897705,200,5,200,default,naive-kmeans,40:60
7,19,0.5299999713897705,200,5,200,default,naive-kmeans,40:60
7,20,0.5299999713897705,200,5,200,default,naive-kmeans,40:60
7,21,0.5299999713897705,200,5,200,default,naive-kmeans,40:60
7,22,0.5299999713897705,200,5,200,default,naive-kmeans,40:60
7,23,0.5299999713897705,200,5,200,default,naive-kmeans,40:60
7,24,0.5299999713897705,200,5,200,default,naive-kmeans,40:60
7,25,0.5299999713897705,200,5,200,default,naive-kmeans,40:60
7,26,0.5299999713897705,200,5,200,default,naive-kmeans,40:60
7,27,0.5299999713897705,200,5,200,default,naive-kmeans,40:60
7,28,0.5299999713897705,200,5,200,default,naive-kmeans,40:60
7,29,0.5299999713897705,200,5,200,default,naive-kmeans,40:60
7,30,0.5299999713897705,200,5,200,default,naive-kmeans,40:60
7,31,0.5299999713897705,200,5,200,default,naive-kmeans,40:60
7,32,0.5299999713897705,200,5,200,default,naive-kmeans,40:60
7,33,0.5299999713897705,200,5,200,default,naive-kmeans,40:60
7,34,0.5299999713897705,200,5,200,default,naive-kmeans,40:60
7,35,0.5299999713897705,200,5,200,default,naive-kmeans,40:60
7,36,0.5299999713897705,200,5,200,default,naive-kmeans,40:60
7,37,0.5299999713897705,200,5,200,default,naive-kmeans,40:60
7,38,0.5299999713897705,200,5,200,default,naive-kmeans,40:60
7,39,0.5299999713897705,200,5,200,default,naive-kmeans,40:60
7,40,0.5299999713897705,200,5,200,default,naive-kmeans,40:60
7,41,0.5299999713897705,200,5,200,default,naive-kmeans,40:60
7,42,0.5299999713897705,200,5,200,default,naive-kmeans,40:60
7,43,0.5299999713897705,200,5,200,default,naive-kmeans,40:60
7,44,0.5299999713897705,200,5,200,default,naive-kmeans,40:60
7,45,0.5299999713897705,200,5,200,default,naive-kmeans,40:60
7,46,0.5299999713897705,200,5,200,default,naive-kmeans,40:60
7,47,0.5299999713897705,200,5,200,default,naive-kmeans,40:60
7,48,0.5299999713897705,200,5,200,default,naive-kmeans,40:60
7,49,0.5299999713897705,200,5,200,default,naive-kmeans,40:60
7,50,0.5299999713897705,200,5,200,default,naive-kmeans,40:60
7,51,0.5299999713897705,200,5,200,default,naive-kmeans,40:60
7,52,0.5299999713897705,200,5,200,default,naive-kmeans,40:60
7,53,0.5299999713897705,200,5,200,default,naive-kmeans,40:60
7,54,0.5299999713897705,200,5,200,default,naive-kmeans,40:60
7,55,0.5299999713897705,200,5,200,default,naive-kmeans,40:60
7,56,0.5299999713897705,200,5,200,default,naive-kmeans,40:60
7,57,0.5299999713897705,200,5,200,default,naive-kmeans,40:60
7,58,0.5299999713897705,200,5,200,default,naive-kmeans,40:60
7,59,0.5299999713897705,200,5,200,default,naive-kmeans,40:60
7,60,0.5299999713897705,200,5,200,default,naive-kmeans,40:60
7,61,0.5299999713897705,200,5,200,default,naive-kmeans,40:60
7,62,0.5299999713897705,200,5,200,default,naive-kmeans,40:60
7,63,0.5299999713897705,200,5,200,default,naive-kmeans,40:60
7,64,0.5299999713897705,200,5,200,default,naive-kmeans,40:60
7,65,0.5299999713897705,200,5,200,default,naive-kmeans,40:60
7,66,0.5299999713897705,200,5,200,default,naive-kmeans,40:60
7,67,0.5299999713897705,200,5,200,default,naive-kmeans,40:60
7,68,0.5299999713897705,200,5,200,default,naive-kmeans,40:60
7,69,0.5299999713897705,200,5,200,default,naive-kmeans,40:60
7,70,0.5299999713897705,200,5,200,default,naive-kmeans,40:60
7,71,0.5299999713897705,200,5,200,default,naive-kmeans,40:60
7,72,0.5299999713897705,200,5,200,default,naive-kmeans,40:60
7,73,0.5299999713897705,200,5,200,default,naive-kmeans,40:60
7,74,0.5299999713897705,200,5,200,default,naive-kmeans,40:60
7,75,0.5299999713897705,200,5,200,default,naive-kmeans,40:60
7,76,0.5299999713897705,200,5,200,default,naive-kmeans,40:60
7,77,0.5299999713897705,200,5,200,default,naive-kmeans,40:60
7,78,0.5299999713897705,200,5,200,default,naive-kmeans,40:60
7,79,0.5299999713897705,200,5,200,default,naive-kmeans,40:60
7,80,0.5299999713897705,200,5,200,default,naive-kmeans,40:60
7,81,0.5299999713897705,200,5,200,default,naive-kmeans,40:60
7,82,0.5299999713897705,200,5,200,default,naive-kmeans,40:60
7,83,0.5299999713897705,200,5,200,default,naive-kmeans,40:60
7,84,0.5299999713897705,200,5,200,default,naive-kmeans,40:60
7,85,0.5299999713897705,200,5,200,default,naive-kmeans,40:60
7,86,0.5299999713897705,200,5,200,default,naive-kmeans,40:60
7,87,0.5299999713897705,200,5,200,default,naive-kmeans,40:60
7,88,0.5299999713897705,200,5,200,default,naive-kmeans,40:60
7,89,0.5299999713897705,200,5,200,default,naive-kmeans,40:60
7,90,0.5299999713897705,200,5,200,default,naive-kmeans,40:60
7,91,0.5299999713897705,200,5,200,default,naive-kmeans,40:60
7,92,0.5299999713897705,200,5,200,default,naive-kmeans,40:60
7,93,0.5299999713897705,200,5,200,default,naive-kmeans,40:60
7,94,0.5299999713897705,200,5,200,default,naive-kmeans,40:60
7,95,0.5299999713897705,200,5,200,default,naive-kmeans,40:60
7,96,0.5299999713897705,200,5,200,default,naive-kmeans,40:60
7,97,0.5299999713897705,200,5,200,default,naive-kmeans,40:60
7,98,0.5299999713897705,200,5,200,default,naive-kmeans,40:60
7,99,0.5299999713897705,200,5,200,default,naive-kmeans,40:60
8,0,0.5350000262260437,200,5,200,default,naive-kmeans,40:60
8,1,0.5149999856948853,200,5,200,default,naive-kmeans,40:60
8,2,0.46000000834465027,200,5,200,default,naive-kmeans,40:60
8,3,0.5249999761581421,200,5,200,default,naive-kmeans,40:60
8,4,0.5199999809265137,200,5,200,default,naive-kmeans,40:60
8,5,0.5450000166893005,200,5,200,default,naive-kmeans,40:60
8,6,0.5099999904632568,200,5,200,default,naive-kmeans,40:60
8,7,0.46000000834465027,200,5,200,default,naive-kmeans,40:60
8,8,0.5049999952316284,200,5,200,default,naive-kmeans,40:60
8,9,0.5149999856948853,200,5,200,default,naive-kmeans,40:60
8,10,0.5450000166893005,200,5,200,default,naive-kmeans,40:60
8,11,0.5450000166893005,200,5,200,default,naive-kmeans,40:60
8,12,0.5450000166893005,200,5,200,default,naive-kmeans,40:60
8,13,0.5450000166893005,200,5,200,default,naive-kmeans,40:60
8,14,0.5450000166893005,200,5,200,default,naive-kmeans,40:60
8,15,0.5450000166893005,200,5,200,default,naive-kmeans,40:60
8,16,0.5450000166893005,200,5,200,default,naive-kmeans,40:60
8,17,0.5450000166893005,200,5,200,default,naive-kmeans,40:60
8,18,0.5450000166893005,200,5,200,default,naive-kmeans,40:60
8,19,0.5450000166893005,200,5,200,default,naive-kmeans,40:60
8,20,0.5450000166893005,200,5,200,default,naive-kmeans,40:60
8,21,0.5450000166893005,200,5,200,default,naive-kmeans,40:60
8,22,0.5450000166893005,200,5,200,default,naive-kmeans,40:60
8,23,0.5450000166893005,200,5,200,default,naive-kmeans,40:60
8,24,0.5450000166893005,200,5,200,default,naive-kmeans,40:60
8,25,0.5450000166893005,200,5,200,default,naive-kmeans,40:60
8,26,0.5450000166893005,200,5,200,default,naive-kmeans,40:60
8,27,0.5450000166893005,200,5,200,default,naive-kmeans,40:60
8,28,0.5450000166893005,200,5,200,default,naive-kmeans,40:60
8,29,0.5450000166893005,200,5,200,default,naive-kmeans,40:60
8,30,0.5450000166893005,200,5,200,default,naive-kmeans,40:60
8,31,0.5450000166893005,200,5,200,default,naive-kmeans,40:60
8,32,0.5450000166893005,200,5,200,default,naive-kmeans,40:60
8,33,0.5450000166893005,200,5,200,default,naive-kmeans,40:60
8,34,0.5450000166893005,200,5,200,default,naive-kmeans,40:60
8,35,0.5450000166893005,200,5,200,default,naive-kmeans,40:60
8,36,0.5450000166893005,200,5,200,default,naive-kmeans,40:60
8,37,0.5450000166893005,200,5,200,default,naive-kmeans,40:60
8,38,0.5450000166893005,200,5,200,default,naive-kmeans,40:60
8,39,0.5450000166893005,200,5,200,default,naive-kmeans,40:60
8,40,0.5450000166893005,200,5,200,default,naive-kmeans,40:60
8,41,0.5450000166893005,200,5,200,default,naive-kmeans,40:60
8,42,0.5450000166893005,200,5,200,default,naive-kmeans,40:60
8,43,0.5450000166893005,200,5,200,default,naive-kmeans,40:60
8,44,0.5450000166893005,200,5,200,default,naive-kmeans,40:60
8,45,0.5450000166893005,200,5,200,default,naive-kmeans,40:60
8,46,0.5450000166893005,200,5,200,default,naive-kmeans,40:60
8,47,0.5450000166893005,200,5,200,default,naive-kmeans,40:60
8,48,0.5450000166893005,200,5,200,default,naive-kmeans,40:60
8,49,0.5450000166893005,200,5,200,default,naive-kmeans,40:60
8,50,0.5450000166893005,200,5,200,default,naive-kmeans,40:60
8,51,0.5450000166893005,200,5,200,default,naive-kmeans,40:60
8,52,0.5450000166893005,200,5,200,default,naive-kmeans,40:60
8,53,0.5450000166893005,200,5,200,default,naive-kmeans,40:60
8,54,0.5450000166893005,200,5,200,default,naive-kmeans,40:60
8,55,0.5450000166893005,200,5,200,default,naive-kmeans,40:60
8,56,0.5450000166893005,200,5,200,default,naive-kmeans,40:60
8,57,0.5450000166893005,200,5,200,default,naive-kmeans,40:60
8,58,0.5450000166893005,200,5,200,default,naive-kmeans,40:60
8,59,0.5450000166893005,200,5,200,default,naive-kmeans,40:60
8,60,0.5450000166893005,200,5,200,default,naive-kmeans,40:60
8,61,0.5450000166893005,200,5,200,default,naive-kmeans,40:60
8,62,0.5450000166893005,200,5,200,default,naive-kmeans,40:60
8,63,0.5450000166893005,200,5,200,default,naive-kmeans,40:60
8,64,0.5450000166893005,200,5,200,default,naive-kmeans,40:60
8,65,0.5450000166893005,200,5,200,default,naive-kmeans,40:60
8,66,0.5450000166893005,200,5,200,default,naive-kmeans,40:60
8,67,0.5450000166893005,200,5,200,default,naive-kmeans,40:60
8,68,0.5450000166893005,200,5,200,default,naive-kmeans,40:60
8,69,0.5450000166893005,200,5,200,default,naive-kmeans,40:60
8,70,0.5450000166893005,200,5,200,default,naive-kmeans,40:60
8,71,0.5450000166893005,200,5,200,default,naive-kmeans,40:60
8,72,0.5450000166893005,200,5,200,default,naive-kmeans,40:60
8,73,0.5450000166893005,200,5,200,default,naive-kmeans,40:60
8,74,0.5450000166893005,200,5,200,default,naive-kmeans,40:60
8,75,0.5450000166893005,200,5,200,default,naive-kmeans,40:60
8,76,0.5450000166893005,200,5,200,default,naive-kmeans,40:60
8,77,0.5450000166893005,200,5,200,default,naive-kmeans,40:60
8,78,0.5450000166893005,200,5,200,default,naive-kmeans,40:60
8,79,0.5450000166893005,200,5,200,default,naive-kmeans,40:60
8,80,0.5450000166893005,200,5,200,default,naive-kmeans,40:60
8,81,0.5450000166893005,200,5,200,default,naive-kmeans,40:60
8,82,0.5450000166893005,200,5,200,default,naive-kmeans,40:60
8,83,0.5450000166893005,200,5,200,default,naive-kmeans,40:60
8,84,0.5450000166893005,200,5,200,default,naive-kmeans,40:60
8,85,0.5450000166893005,200,5,200,default,naive-kmeans,40:60
8,86,0.5450000166893005,200,5,200,default,naive-kmeans,40:60
8,87,0.5450000166893005,200,5,200,default,naive-kmeans,40:60
8,88,0.5450000166893005,200,5,200,default,naive-kmeans,40:60
8,89,0.5450000166893005,200,5,200,default,naive-kmeans,40:60
8,90,0.5450000166893005,200,5,200,default,naive-kmeans,40:60
8,91,0.5450000166893005,200,5,200,default,naive-kmeans,40:60
8,92,0.5450000166893005,200,5,200,default,naive-kmeans,40:60
8,93,0.5450000166893005,200,5,200,default,naive-kmeans,40:60
8,94,0.5450000166893005,200,5,200,default,naive-kmeans,40:60
8,95,0.5450000166893005,200,5,200,default,naive-kmeans,40:60
8,96,0.5450000166893005,200,5,200,default,naive-kmeans,40:60
8,97,0.5450000166893005,200,5,200,default,naive-kmeans,40:60
8,98,0.5450000166893005,200,5,200,default,naive-kmeans,40:60
8,99,0.5450000166893005,200,5,200,default,naive-kmeans,40:60
9,0,0.49000000953674316,200,5,200,default,naive-kmeans,40:60
9,1,0.5149999856948853,200,5,200,default,naive-kmeans,40:60
9,2,0.5450000166893005,200,5,200,default,naive-kmeans,40:60
9,3,0.5049999952316284,200,5,200,default,naive-kmeans,40:60
9,4,0.5199999809265137,200,5,200,default,naive-kmeans,40:60
9,5,0.5299999713897705,200,5,200,default,naive-kmeans,40:60
9,6,0.5550000071525574,200,5,200,default,naive-kmeans,40:60
9,7,0.5450000166893005,200,5,200,default,naive-kmeans,40:60
9,8,0.4699999988079071,200,5,200,default,naive-kmeans,40:60
9,9,0.5049999952316284,200,5,200,default,naive-kmeans,40:60
9,10,0.5099999904632568,200,5,200,default,naive-kmeans,40:60
9,11,0.5199999809265137,200,5,200,default,naive-kmeans,40:60
9,12,0.45500001311302185,200,5,200,default,naive-kmeans,40:60
9,13,0.48500001430511475,200,5,200,default,naive-kmeans,40:60
9,14,0.46000000834465027,200,5,200,default,naive-kmeans,40:60
9,15,0.47999998927116394,200,5,200,default,naive-kmeans,40:60
9,16,0.5550000071525574,200,5,200,default,naive-kmeans,40:60
9,17,0.5550000071525574,200,5,200,default,naive-kmeans,40:60
9,18,0.5550000071525574,200,5,200,default,naive-kmeans,40:60
9,19,0.5550000071525574,200,5,200,default,naive-kmeans,40:60
9,20,0.5550000071525574,200,5,200,default,naive-kmeans,40:60
9,21,0.5550000071525574,200,5,200,default,naive-kmeans,40:60
9,22,0.5550000071525574,200,5,200,default,naive-kmeans,40:60
9,23,0.5550000071525574,200,5,200,default,naive-kmeans,40:60
9,24,0.5550000071525574,200,5,200,default,naive-kmeans,40:60
9,25,0.5550000071525574,200,5,200,default,naive-kmeans,40:60
9,26,0.5550000071525574,200,5,200,default,naive-kmeans,40:60
9,27,0.5550000071525574,200,5,200,default,naive-kmeans,40:60
9,28,0.5550000071525574,200,5,200,default,naive-kmeans,40:60
9,29,0.5550000071525574,200,5,200,default,naive-kmeans,40:60
9,30,0.5550000071525574,200,5,200,default,naive-kmeans,40:60
9,31,0.5550000071525574,200,5,200,default,naive-kmeans,40:60
9,32,0.5550000071525574,200,5,200,default,naive-kmeans,40:60
9,33,0.5550000071525574,200,5,200,default,naive-kmeans,40:60
9,34,0.5550000071525574,200,5,200,default,naive-kmeans,40:60
9,35,0.5550000071525574,200,5,200,default,naive-kmeans,40:60
9,36,0.5550000071525574,200,5,200,default,naive-kmeans,40:60
9,37,0.5550000071525574,200,5,200,default,naive-kmeans,40:60
9,38,0.5550000071525574,200,5,200,default,naive-kmeans,40:60
9,39,0.5550000071525574,200,5,200,default,naive-kmeans,40:60
9,40,0.5550000071525574,200,5,200,default,naive-kmeans,40:60
9,41,0.5550000071525574,200,5,200,default,naive-kmeans,40:60
9,42,0.5550000071525574,200,5,200,default,naive-kmeans,40:60
9,43,0.5550000071525574,200,5,200,default,naive-kmeans,40:60
9,44,0.5550000071525574,200,5,200,default,naive-kmeans,40:60
9,45,0.5550000071525574,200,5,200,default,naive-kmeans,40:60
9,46,0.5550000071525574,200,5,200,default,naive-kmeans,40:60
9,47,0.5550000071525574,200,5,200,default,naive-kmeans,40:60
9,48,0.5550000071525574,200,5,200,default,naive-kmeans,40:60
9,49,0.5550000071525574,200,5,200,default,naive-kmeans,40:60
9,50,0.5550000071525574,200,5,200,default,naive-kmeans,40:60
9,51,0.5550000071525574,200,5,200,default,naive-kmeans,40:60
9,52,0.5550000071525574,200,5,200,default,naive-kmeans,40:60
9,53,0.5550000071525574,200,5,200,default,naive-kmeans,40:60
9,54,0.5550000071525574,200,5,200,default,naive-kmeans,40:60
9,55,0.5550000071525574,200,5,200,default,naive-kmeans,40:60
9,56,0.5550000071525574,200,5,200,default,naive-kmeans,40:60
9,57,0.5550000071525574,200,5,200,default,naive-kmeans,40:60
9,58,0.5550000071525574,200,5,200,default,naive-kmeans,40:60
9,59,0.5550000071525574,200,5,200,default,naive-kmeans,40:60
9,60,0.5550000071525574,200,5,200,default,naive-kmeans,40:60
9,61,0.5550000071525574,200,5,200,default,naive-kmeans,40:60
9,62,0.5550000071525574,200,5,200,default,naive-kmeans,40:60
9,63,0.5550000071525574,200,5,200,default,naive-kmeans,40:60
9,64,0.5550000071525574,200,5,200,default,naive-kmeans,40:60
9,65,0.5550000071525574,200,5,200,default,naive-kmeans,40:60
9,66,0.5550000071525574,200,5,200,default,naive-kmeans,40:60
9,67,0.5550000071525574,200,5,200,default,naive-kmeans,40:60
9,68,0.5550000071525574,200,5,200,default,naive-kmeans,40:60
9,69,0.5550000071525574,200,5,200,default,naive-kmeans,40:60
9,70,0.5550000071525574,200,5,200,default,naive-kmeans,40:60
9,71,0.5550000071525574,200,5,200,default,naive-kmeans,40:60
9,72,0.5550000071525574,200,5,200,default,naive-kmeans,40:60
9,73,0.5550000071525574,200,5,200,default,naive-kmeans,40:60
9,74,0.5550000071525574,200,5,200,default,naive-kmeans,40:60
9,75,0.5550000071525574,200,5,200,default,naive-kmeans,40:60
9,76,0.5550000071525574,200,5,200,default,naive-kmeans,40:60
9,77,0.5550000071525574,200,5,200,default,naive-kmeans,40:60
9,78,0.5550000071525574,200,5,200,default,naive-kmeans,40:60
9,79,0.5550000071525574,200,5,200,default,naive-kmeans,40:60
9,80,0.5550000071525574,200,5,200,default,naive-kmeans,40:60
9,81,0.5550000071525574,200,5,200,default,naive-kmeans,40:60
9,82,0.5550000071525574,200,5,200,default,naive-kmeans,40:60
9,83,0.5550000071525574,200,5,200,default,naive-kmeans,40:60
9,84,0.5550000071525574,200,5,200,default,naive-kmeans,40:60
9,85,0.5550000071525574,200,5,200,default,naive-kmeans,40:60
9,86,0.5550000071525574,200,5,200,default,naive-kmeans,40:60
9,87,0.5550000071525574,200,5,200,default,naive-kmeans,40:60
9,88,0.5550000071525574,200,5,200,default,naive-kmeans,40:60
9,89,0.5550000071525574,200,5,200,default,naive-kmeans,40:60
9,90,0.5550000071525574,200,5,200,default,naive-kmeans,40:60
9,91,0.5550000071525574,200,5,200,default,naive-kmeans,40:60
9,92,0.5550000071525574,200,5,200,default,naive-kmeans,40:60
9,93,0.5550000071525574,200,5,200,default,naive-kmeans,40:60
9,94,0.5550000071525574,200,5,200,default,naive-kmeans,40:60
9,95,0.5550000071525574,200,5,200,default,naive-kmeans,40:60
9,96,0.5550000071525574,200,5,200,default,naive-kmeans,40:60
9,97,0.5550000071525574,200,5,200,default,naive-kmeans,40:60
9,98,0.5550000071525574,200,5,200,default,naive-kmeans,40:60
9,99,0.5550000071525574,200,5,200,default,naive-kmeans,40:60
10,0,0.4950000047683716,200,5,200,default,naive-kmeans,40:60
10,1,0.5350000262260437,200,5,200,default,naive-kmeans,40:60
10,2,0.5350000262260437,200,5,200,default,naive-kmeans,40:60
10,3,0.5299999713897705,200,5,200,default,naive-kmeans,40:60
10,4,0.5350000262260437,200,5,200,default,naive-kmeans,40:60
10,5,0.5350000262260437,200,5,200,default,naive-kmeans,40:60
10,6,0.4650000035762787,200,5,200,default,naive-kmeans,40:60
10,7,0.5350000262260437,200,5,200,default,naive-kmeans,40:60
10,8,0.5400000214576721,200,5,200,default,naive-kmeans,40:60
10,9,0.5400000214576721,200,5,200,default,naive-kmeans,40:60
10,10,0.5400000214576721,200,5,200,default,naive-kmeans,40:60
10,11,0.5400000214576721,200,5,200,default,naive-kmeans,40:60
10,12,0.5400000214576721,200,5,200,default,naive-kmeans,40:60
10,13,0.5400000214576721,200,5,200,default,naive-kmeans,40:60
10,14,0.5400000214576721,200,5,200,default,naive-kmeans,40:60
10,15,0.5400000214576721,200,5,200,default,naive-kmeans,40:60
10,16,0.5400000214576721,200,5,200,default,naive-kmeans,40:60
10,17,0.5400000214576721,200,5,200,default,naive-kmeans,40:60
10,18,0.5400000214576721,200,5,200,default,naive-kmeans,40:60
10,19,0.5400000214576721,200,5,200,default,naive-kmeans,40:60
10,20,0.5400000214576721,200,5,200,default,naive-kmeans,40:60
10,21,0.5400000214576721,200,5,200,default,naive-kmeans,40:60
10,22,0.5400000214576721,200,5,200,default,naive-kmeans,40:60
10,23,0.5400000214576721,200,5,200,default,naive-kmeans,40:60
10,24,0.5400000214576721,200,5,200,default,naive-kmeans,40:60
10,25,0.5400000214576721,200,5,200,default,naive-kmeans,40:60
10,26,0.5400000214576721,200,5,200,default,naive-kmeans,40:60
10,27,0.5400000214576721,200,5,200,default,naive-kmeans,40:60
10,28,0.5400000214576721,200,5,200,default,naive-kmeans,40:60
10,29,0.5400000214576721,200,5,200,default,naive-kmeans,40:60
10,30,0.5400000214576721,200,5,200,default,naive-kmeans,40:60
10,31,0.5400000214576721,200,5,200,default,naive-kmeans,40:60
10,32,0.5400000214576721,200,5,200,default,naive-kmeans,40:60
10,33,0.5400000214576721,200,5,200,default,naive-kmeans,40:60
10,34,0.5400000214576721,200,5,200,default,naive-kmeans,40:60
10,35,0.5400000214576721,200,5,200,default,naive-kmeans,40:60
10,36,0.5400000214576721,200,5,200,default,naive-kmeans,40:60
10,37,0.5400000214576721,200,5,200,default,naive-kmeans,40:60
10,38,0.5400000214576721,200,5,200,default,naive-kmeans,40:60
10,39,0.5400000214576721,200,5,200,default,naive-kmeans,40:60
10,40,0.5400000214576721,200,5,200,default,naive-kmeans,40:60
10,41,0.5400000214576721,200,5,200,default,naive-kmeans,40:60
10,42,0.5400000214576721,200,5,200,default,naive-kmeans,40:60
10,43,0.5400000214576721,200,5,200,default,naive-kmeans,40:60
10,44,0.5400000214576721,200,5,200,default,naive-kmeans,40:60
10,45,0.5400000214576721,200,5,200,default,naive-kmeans,40:60
10,46,0.5400000214576721,200,5,200,default,naive-kmeans,40:60
10,47,0.5400000214576721,200,5,200,default,naive-kmeans,40:60
10,48,0.5400000214576721,200,5,200,default,naive-kmeans,40:60
10,49,0.5400000214576721,200,5,200,default,naive-kmeans,40:60
10,50,0.5400000214576721,200,5,200,default,naive-kmeans,40:60
10,51,0.5400000214576721,200,5,200,default,naive-kmeans,40:60
10,52,0.5400000214576721,200,5,200,default,naive-kmeans,40:60
10,53,0.5400000214576721,200,5,200,default,naive-kmeans,40:60
10,54,0.5400000214576721,200,5,200,default,naive-kmeans,40:60
10,55,0.5400000214576721,200,5,200,default,naive-kmeans,40:60
10,56,0.5400000214576721,200,5,200,default,naive-kmeans,40:60
10,57,0.5400000214576721,200,5,200,default,naive-kmeans,40:60
10,58,0.5400000214576721,200,5,200,default,naive-kmeans,40:60
10,59,0.5400000214576721,200,5,200,default,naive-kmeans,40:60
10,60,0.5400000214576721,200,5,200,default,naive-kmeans,40:60
10,61,0.5400000214576721,200,5,200,default,naive-kmeans,40:60
10,62,0.5400000214576721,200,5,200,default,naive-kmeans,40:60
10,63,0.5400000214576721,200,5,200,default,naive-kmeans,40:60
10,64,0.5400000214576721,200,5,200,default,naive-kmeans,40:60
10,65,0.5400000214576721,200,5,200,default,naive-kmeans,40:60
10,66,0.5400000214576721,200,5,200,default,naive-kmeans,40:60
10,67,0.5400000214576721,200,5,200,default,naive-kmeans,40:60
10,68,0.5400000214576721,200,5,200,default,naive-kmeans,40:60
10,69,0.5400000214576721,200,5,200,default,naive-kmeans,40:60
10,70,0.5400000214576721,200,5,200,default,naive-kmeans,40:60
10,71,0.5400000214576721,200,5,200,default,naive-kmeans,40:60
10,72,0.5400000214576721,200,5,200,default,naive-kmeans,40:60
10,73,0.5400000214576721,200,5,200,default,naive-kmeans,40:60
10,74,0.5400000214576721,200,5,200,default,naive-kmeans,40:60
10,75,0.5400000214576721,200,5,200,default,naive-kmeans,40:60
10,76,0.5400000214576721,200,5,200,default,naive-kmeans,40:60
10,77,0.5400000214576721,200,5,200,default,naive-kmeans,40:60
10,78,0.5400000214576721,200,5,200,default,naive-kmeans,40:60
10,79,0.5400000214576721,200,5,200,default,naive-kmeans,40:60
10,80,0.5400000214576721,200,5,200,default,naive-kmeans,40:60
10,81,0.5400000214576721,200,5,200,default,naive-kmeans,40:60
10,82,0.5400000214576721,200,5,200,default,naive-kmeans,40:60
10,83,0.5400000214576721,200,5,200,default,naive-kmeans,40:60
10,84,0.5400000214576721,200,5,200,default,naive-kmeans,40:60
10,85,0.5400000214576721,200,5,200,default,naive-kmeans,40:60
10,86,0.5400000214576721,200,5,200,default,naive-kmeans,40:60
10,87,0.5400000214576721,200,5,200,default,naive-kmeans,40:60
10,88,0.5400000214576721,200,5,200,default,naive-kmeans,40:60
10,89,0.5400000214576721,200,5,200,default,naive-kmeans,40:60
10,90,0.5400000214576721,200,5,200,default,naive-kmeans,40:60
10,91,0.5400000214576721,200,5,200,default,naive-kmeans,40:60
10,92,0.5400000214576721,200,5,200,default,naive-kmeans,40:60
10,93,0.5400000214576721,200,5,200,default,naive-kmeans,40:60
10,94,0.5400000214576721,200,5,200,default,naive-kmeans,40:60
10,95,0.5400000214576721,200,5,200,default,naive-kmeans,40:60
10,96,0.5400000214576721,200,5,200,default,naive-kmeans,40:60
10,97,0.5400000214576721,200,5,200,default,naive-kmeans,40:60
10,98,0.5400000214576721,200,5,200,default,naive-kmeans,40:60
10,99,0.5400000214576721,200,5,200,default,naive-kmeans,40:60
11,0,0.45500001311302185,200,5,200,default,naive-kmeans,40:60
11,1,0.46000000834465027,200,5,200,default,naive-kmeans,40:60
11,2,0.5350000262260437,200,5,200,default,naive-kmeans,40:60
11,3,0.5350000262260437,200,5,200,default,naive-kmeans,40:60
11,4,0.5350000262260437,200,5,200,default,naive-kmeans,40:60
11,5,0.5350000262260437,200,5,200,default,naive-kmeans,40:60
11,6,0.5350000262260437,200,5,200,default,naive-kmeans,40:60
11,7,0.5350000262260437,200,5,200,default,naive-kmeans,40:60
11,8,0.5350000262260437,200,5,200,default,naive-kmeans,40:60
11,9,0.5350000262260437,200,5,200,default,naive-kmeans,40:60
11,10,0.5350000262260437,200,5,200,default,naive-kmeans,40:60
11,11,0.5350000262260437,200,5,200,default,naive-kmeans,40:60
11,12,0.5350000262260437,200,5,200,default,naive-kmeans,40:60
11,13,0.5350000262260437,200,5,200,default,naive-kmeans,40:60
11,14,0.5350000262260437,200,5,200,default,naive-kmeans,40:60
11,15,0.5350000262260437,200,5,200,default,naive-kmeans,40:60
11,16,0.5350000262260437,200,5,200,default,naive-kmeans,40:60
11,17,0.5350000262260437,200,5,200,default,naive-kmeans,40:60
11,18,0.5350000262260437,200,5,200,default,naive-kmeans,40:60
11,19,0.5350000262260437,200,5,200,default,naive-kmeans,40:60
11,20,0.5350000262260437,200,5,200,default,naive-kmeans,40:60
11,21,0.5350000262260437,200,5,200,default,naive-kmeans,40:60
11,22,0.5350000262260437,200,5,200,default,naive-kmeans,40:60
11,23,0.5350000262260437,200,5,200,default,naive-kmeans,40:60
11,24,0.5350000262260437,200,5,200,default,naive-kmeans,40:60
11,25,0.5350000262260437,200,5,200,default,naive-kmeans,40:60
11,26,0.5350000262260437,200,5,200,default,naive-kmeans,40:60
11,27,0.5350000262260437,200,5,200,default,naive-kmeans,40:60
11,28,0.5350000262260437,200,5,200,default,naive-kmeans,40:60
11,29,0.5350000262260437,200,5,200,default,naive-kmeans,40:60
11,30,0.5350000262260437,200,5,200,default,naive-kmeans,40:60
11,31,0.5350000262260437,200,5,200,default,naive-kmeans,40:60
11,32,0.5350000262260437,200,5,200,default,naive-kmeans,40:60
11,33,0.5350000262260437,200,5,200,default,naive-kmeans,40:60
11,34,0.5350000262260437,200,5,200,default,naive-kmeans,40:60
11,35,0.5350000262260437,200,5,200,default,naive-kmeans,40:60
11,36,0.5350000262260437,200,5,200,default,naive-kmeans,40:60
11,37,0.5350000262260437,200,5,200,default,naive-kmeans,40:60
11,38,0.5350000262260437,200,5,200,default,naive-kmeans,40:60
11,39,0.5350000262260437,200,5,200,default,naive-kmeans,40:60
11,40,0.5350000262260437,200,5,200,default,naive-kmeans,40:60
11,41,0.5350000262260437,200,5,200,default,naive-kmeans,40:60
11,42,0.5350000262260437,200,5,200,default,naive-kmeans,40:60
11,43,0.5350000262260437,200,5,200,default,naive-kmeans,40:60
11,44,0.5350000262260437,200,5,200,default,naive-kmeans,40:60
11,45,0.5350000262260437,200,5,200,default,naive-kmeans,40:60
11,46,0.5350000262260437,200,5,200,default,naive-kmeans,40:60
11,47,0.5350000262260437,200,5,200,default,naive-kmeans,40:60
11,48,0.5350000262260437,200,5,200,default,naive-kmeans,40:60
11,49,0.5350000262260437,200,5,200,default,naive-kmeans,40:60
11,50,0.5350000262260437,200,5,200,default,naive-kmeans,40:60
11,51,0.5350000262260437,200,5,200,default,naive-kmeans,40:60
11,52,0.5350000262260437,200,5,200,default,naive-kmeans,40:60
11,53,0.5350000262260437,200,5,200,default,naive-kmeans,40:60
11,54,0.5350000262260437,200,5,200,default,naive-kmeans,40:60
11,55,0.5350000262260437,200,5,200,default,naive-kmeans,40:60
11,56,0.5350000262260437,200,5,200,default,naive-kmeans,40:60
11,57,0.5350000262260437,200,5,200,default,naive-kmeans,40:60
11,58,0.5350000262260437,200,5,200,default,naive-kmeans,40:60
11,59,0.5350000262260437,200,5,200,default,naive-kmeans,40:60
11,60,0.5350000262260437,200,5,200,default,naive-kmeans,40:60
11,61,0.5350000262260437,200,5,200,default,naive-kmeans,40:60
11,62,0.5350000262260437,200,5,200,default,naive-kmeans,40:60
11,63,0.5350000262260437,200,5,200,default,naive-kmeans,40:60
11,64,0.5350000262260437,200,5,200,default,naive-kmeans,40:60
11,65,0.5350000262260437,200,5,200,default,naive-kmeans,40:60
11,66,0.5350000262260437,200,5,200,default,naive-kmeans,40:60
11,67,0.5350000262260437,200,5,200,default,naive-kmeans,40:60
11,68,0.5350000262260437,200,5,200,default,naive-kmeans,40:60
11,69,0.5350000262260437,200,5,200,default,naive-kmeans,40:60
11,70,0.5350000262260437,200,5,200,default,naive-kmeans,40:60
11,71,0.5350000262260437,200,5,200,default,naive-kmeans,40:60
11,72,0.5350000262260437,200,5,200,default,naive-kmeans,40:60
11,73,0.5350000262260437,200,5,200,default,naive-kmeans,40:60
11,74,0.5350000262260437,200,5,200,default,naive-kmeans,40:60
11,75,0.5350000262260437,200,5,200,default,naive-kmeans,40:60
11,76,0.5350000262260437,200,5,200,default,naive-kmeans,40:60
11,77,0.5350000262260437,200,5,200,default,naive-kmeans,40:60
11,78,0.5350000262260437,200,5,200,default,naive-kmeans,40:60
11,79,0.5350000262260437,200,5,200,default,naive-kmeans,40:60
11,80,0.5350000262260437,200,5,200,default,naive-kmeans,40:60
11,81,0.5350000262260437,200,5,200,default,naive-kmeans,40:60
11,82,0.5350000262260437,200,5,200,default,naive-kmeans,40:60
11,83,0.5350000262260437,200,5,200,default,naive-kmeans,40:60
11,84,0.5350000262260437,200,5,200,default,naive-kmeans,40:60
11,85,0.5350000262260437,200,5,200,default,naive-kmeans,40:60
11,86,0.5350000262260437,200,5,200,default,naive-kmeans,40:60
11,87,0.5350000262260437,200,5,200,default,naive-kmeans,40:60
11,88,0.5350000262260437,200,5,200,default,naive-kmeans,40:60
11,89,0.5350000262260437,200,5,200,default,naive-kmeans,40:60
11,90,0.5350000262260437,200,5,200,default,naive-kmeans,40:60
11,91,0.5350000262260437,200,5,200,default,naive-kmeans,40:60
11,92,0.5350000262260437,200,5,200,default,naive-kmeans,40:60
11,93,0.5350000262260437,200,5,200,default,naive-kmeans,40:60
11,94,0.5350000262260437,200,5,200,default,naive-kmeans,40:60
11,95,0.5350000262260437,200,5,200,default,naive-kmeans,40:60
11,96,0.5350000262260437,200,5,200,default,naive-kmeans,40:60
11,97,0.5350000262260437,200,5,200,default,naive-kmeans,40:60
11,98,0.5350000262260437,200,5,200,default,naive-kmeans,40:60
11,99,0.5350000262260437,200,5,200,default,naive-kmeans,40:60
12,0,0.4399999976158142,200,5,200,default,naive-kmeans,40:60
12,1,0.4399999976158142,200,5,200,default,naive-kmeans,40:60
12,2,0.47999998927116394,200,5,200,default,naive-kmeans,40:60
12,3,0.47999998927116394,200,5,200,default,naive-kmeans,40:60
12,4,0.44999998807907104,200,5,200,default,naive-kmeans,40:60
12,5,0.4350000023841858,200,5,200,default,naive-kmeans,40:60
12,6,0.4350000023841858,200,5,200,default,naive-kmeans,40:60
12,7,0.44999998807907104,200,5,200,default,naive-kmeans,40:60
12,8,0.42500001192092896,200,5,200,default,naive-kmeans,40:60
12,9,0.5149999856948853,200,5,200,default,naive-kmeans,40:60
12,10,0.44999998807907104,200,5,200,default,naive-kmeans,40:60
12,11,0.4449999928474426,200,5,200,default,naive-kmeans,40:60
12,12,0.4449999928474426,200,5,200,default,naive-kmeans,40:60
12,13,0.4399999976158142,200,5,200,default,naive-kmeans,40:60
12,14,0.4749999940395355,200,5,200,default,naive-kmeans,40:60
12,15,0.44999998807907104,200,5,200,default,naive-kmeans,40:60
12,16,0.4449999928474426,200,5,200,default,naive-kmeans,40:60
12,17,0.5149999856948853,200,5,200,default,naive-kmeans,40:60
12,18,0.5149999856948853,200,5,200,default,naive-kmeans,40:60
12,19,0.5149999856948853,200,5,200,default,naive-kmeans,40:60
12,20,0.5149999856948853,200,5,200,default,naive-kmeans,40:60
12,21,0.5149999856948853,200,5,200,default,naive-kmeans,40:60
12,22,0.5149999856948853,200,5,200,default,naive-kmeans,40:60
12,23,0.5149999856948853,200,5,200,default,naive-kmeans,40:60
12,24,0.5149999856948853,200,5,200,default,naive-kmeans,40:60
12,25,0.5149999856948853,200,5,200,default,naive-kmeans,40:60
12,26,0.5149999856948853,200,5,200,default,naive-kmeans,40:60
12,27,0.5149999856948853,200,5,200,default,naive-kmeans,40:60
12,28,0.5149999856948853,200,5,200,default,naive-kmeans,40:60
12,29,0.5149999856948853,200,5,200,default,naive-kmeans,40:60
12,30,0.5149999856948853,200,5,200,default,naive-kmeans,40:60
12,31,0.5149999856948853,200,5,200,default,naive-kmeans,40:60
12,32,0.5149999856948853,200,5,200,default,naive-kmeans,40:60
12,33,0.5149999856948853,200,5,200,default,naive-kmeans,40:60
12,34,0.5149999856948853,200,5,200,default,naive-kmeans,40:60
12,35,0.5149999856948853,200,5,200,default,naive-kmeans,40:60
12,36,0.5149999856948853,200,5,200,default,naive-kmeans,40:60
12,37,0.5149999856948853,200,5,200,default,naive-kmeans,40:60
12,38,0.5149999856948853,200,5,200,default,naive-kmeans,40:60
12,39,0.5149999856948853,200,5,200,default,naive-kmeans,40:60
12,40,0.5149999856948853,200,5,200,default,naive-kmeans,40:60
12,41,0.5149999856948853,200,5,200,default,naive-kmeans,40:60
12,42,0.5149999856948853,200,5,200,default,naive-kmeans,40:60
12,43,0.5149999856948853,200,5,200,default,naive-kmeans,40:60
12,44,0.5149999856948853,200,5,200,default,naive-kmeans,40:60
12,45,0.5149999856948853,200,5,200,default,naive-kmeans,40:60
12,46,0.5149999856948853,200,5,200,default,naive-kmeans,40:60
12,47,0.5149999856948853,200,5,200,default,naive-kmeans,40:60
12,48,0.5149999856948853,200,5,200,default,naive-kmeans,40:60
12,49,0.5149999856948853,200,5,200,default,naive-kmeans,40:60
12,50,0.5149999856948853,200,5,200,default,naive-kmeans,40:60
12,51,0.5149999856948853,200,5,200,default,naive-kmeans,40:60
12,52,0.5149999856948853,200,5,200,default,naive-kmeans,40:60
12,53,0.5149999856948853,200,5,200,default,naive-kmeans,40:60
12,54,0.5149999856948853,200,5,200,default,naive-kmeans,40:60
12,55,0.5149999856948853,200,5,200,default,naive-kmeans,40:60
12,56,0.5149999856948853,200,5,200,default,naive-kmeans,40:60
12,57,0.5149999856948853,200,5,200,default,naive-kmeans,40:60
12,58,0.5149999856948853,200,5,200,default,naive-kmeans,40:60
12,59,0.5149999856948853,200,5,200,default,naive-kmeans,40:60
12,60,0.5149999856948853,200,5,200,default,naive-kmeans,40:60
12,61,0.5149999856948853,200,5,200,default,naive-kmeans,40:60
12,62,0.5149999856948853,200,5,200,default,naive-kmeans,40:60
12,63,0.5149999856948853,200,5,200,default,naive-kmeans,40:60
12,64,0.5149999856948853,200,5,200,default,naive-kmeans,40:60
12,65,0.5149999856948853,200,5,200,default,naive-kmeans,40:60
12,66,0.5149999856948853,200,5,200,default,naive-kmeans,40:60
12,67,0.5149999856948853,200,5,200,default,naive-kmeans,40:60
12,68,0.5149999856948853,200,5,200,default,naive-kmeans,40:60
12,69,0.5149999856948853,200,5,200,default,naive-kmeans,40:60
12,70,0.5149999856948853,200,5,200,default,naive-kmeans,40:60
12,71,0.5149999856948853,200,5,200,default,naive-kmeans,40:60
12,72,0.5149999856948853,200,5,200,default,naive-kmeans,40:60
12,73,0.5149999856948853,200,5,200,default,naive-kmeans,40:60
12,74,0.5149999856948853,200,5,200,default,naive-kmeans,40:60
12,75,0.5149999856948853,200,5,200,default,naive-kmeans,40:60
12,76,0.5149999856948853,200,5,200,default,naive-kmeans,40:60
12,77,0.5149999856948853,200,5,200,default,naive-kmeans,40:60
12,78,0.5149999856948853,200,5,200,default,naive-kmeans,40:60
12,79,0.5149999856948853,200,5,200,default,naive-kmeans,40:60
12,80,0.5149999856948853,200,5,200,default,naive-kmeans,40:60
12,81,0.5149999856948853,200,5,200,default,naive-kmeans,40:60
12,82,0.5149999856948853,200,5,200,default,naive-kmeans,40:60
12,83,0.5149999856948853,200,5,200,default,naive-kmeans,40:60
12,84,0.5149999856948853,200,5,200,default,naive-kmeans,40:60
12,85,0.5149999856948853,200,5,200,default,naive-kmeans,40:60
12,86,0.5149999856948853,200,5,200,default,naive-kmeans,40:60
12,87,0.5149999856948853,200,5,200,default,naive-kmeans,40:60
12,88,0.5149999856948853,200,5,200,default,naive-kmeans,40:60
12,89,0.5149999856948853,200,5,200,default,naive-kmeans,40:60
12,90,0.5149999856948853,200,5,200,default,naive-kmeans,40:60
12,91,0.5149999856948853,200,5,200,default,naive-kmeans,40:60
12,92,0.5149999856948853,200,5,200,default,naive-kmeans,40:60
12,93,0.5149999856948853,200,5,200,default,naive-kmeans,40:60
12,94,0.5149999856948853,200,5,200,default,naive-kmeans,40:60
12,95,0.5149999856948853,200,5,200,default,naive-kmeans,40:60
12,96,0.5149999856948853,200,5,200,default,naive-kmeans,40:60
12,97,0.5149999856948853,200,5,200,default,naive-kmeans,40:60
12,98,0.5149999856948853,200,5,200,default,naive-kmeans,40:60
12,99,0.5149999856948853,200,5,200,default,naive-kmeans,40:60
13,0,0.47999998927116394,200,5,200,default,naive-kmeans,40:60
13,1,0.5049999952316284,200,5,200,default,naive-kmeans,40:60
13,2,0.5600000023841858,200,5,200,default,naive-kmeans,40:60
13,3,0.5,200,5,200,default,naive-kmeans,40:60
13,4,0.5099999904632568,200,5,200,default,naive-kmeans,40:60
13,5,0.49000000953674316,200,5,200,default,naive-kmeans,40:60
13,6,0.5,200,5,200,default,naive-kmeans,40:60
13,7,0.5199999809265137,200,5,200,default,naive-kmeans,40:60
13,8,0.5400000214576721,200,5,200,default,naive-kmeans,40:60
13,9,0.5600000023841858,200,5,200,default,naive-kmeans,40:60
13,10,0.49000000953674316,200,5,200,default,naive-kmeans,40:60
13,11,0.5550000071525574,200,5,200,default,naive-kmeans,40:60
13,12,0.5099999904632568,200,5,200,default,naive-kmeans,40:60
13,13,0.5450000166893005,200,5,200,default,naive-kmeans,40:60
13,14,0.5049999952316284,200,5,200,default,naive-kmeans,40:60
13,15,0.5600000023841858,200,5,200,default,naive-kmeans,40:60
13,16,0.5600000023841858,200,5,200,default,naive-kmeans,40:60
13,17,0.5600000023841858,200,5,200,default,naive-kmeans,40:60
13,18,0.5600000023841858,200,5,200,default,naive-kmeans,40:60
13,19,0.5600000023841858,200,5,200,default,naive-kmeans,40:60
13,20,0.5600000023841858,200,5,200,default,naive-kmeans,40:60
13,21,0.5600000023841858,200,5,200,default,naive-kmeans,40:60
13,22,0.5600000023841858,200,5,200,default,naive-kmeans,40:60
13,23,0.5600000023841858,200,5,200,default,naive-kmeans,40:60
13,24,0.5600000023841858,200,5,200,default,naive-kmeans,40:60
13,25,0.5600000023841858,200,5,200,default,naive-kmeans,40:60
13,26,0.5600000023841858,200,5,200,default,naive-kmeans,40:60
13,27,0.5600000023841858,200,5,200,default,naive-kmeans,40:60
13,28,0.5600000023841858,200,5,200,default,naive-kmeans,40:60
13,29,0.5600000023841858,200,5,200,default,naive-kmeans,40:60
13,30,0.5600000023841858,200,5,200,default,naive-kmeans,40:60
13,31,0.5600000023841858,200,5,200,default,naive-kmeans,40:60
13,32,0.5600000023841858,200,5,200,default,naive-kmeans,40:60
13,33,0.5600000023841858,200,5,200,default,naive-kmeans,40:60
13,34,0.5600000023841858,200,5,200,default,naive-kmeans,40:60
13,35,0.5600000023841858,200,5,200,default,naive-kmeans,40:60
13,36,0.5600000023841858,200,5,200,default,naive-kmeans,40:60
13,37,0.5600000023841858,200,5,200,default,naive-kmeans,40:60
13,38,0.5600000023841858,200,5,200,default,naive-kmeans,40:60
13,39,0.5600000023841858,200,5,200,default,naive-kmeans,40:60
13,40,0.5600000023841858,200,5,200,default,naive-kmeans,40:60
13,41,0.5600000023841858,200,5,200,default,naive-kmeans,40:60
13,42,0.5600000023841858,200,5,200,default,naive-kmeans,40:60
13,43,0.5600000023841858,200,5,200,default,naive-kmeans,40:60
13,44,0.5600000023841858,200,5,200,default,naive-kmeans,40:60
13,45,0.5600000023841858,200,5,200,default,naive-kmeans,40:60
13,46,0.5600000023841858,200,5,200,default,naive-kmeans,40:60
13,47,0.5600000023841858,200,5,200,default,naive-kmeans,40:60
13,48,0.5600000023841858,200,5,200,default,naive-kmeans,40:60
13,49,0.5600000023841858,200,5,200,default,naive-kmeans,40:60
13,50,0.5600000023841858,200,5,200,default,naive-kmeans,40:60
13,51,0.5600000023841858,200,5,200,default,naive-kmeans,40:60
13,52,0.5600000023841858,200,5,200,default,naive-kmeans,40:60
13,53,0.5600000023841858,200,5,200,default,naive-kmeans,40:60
13,54,0.5600000023841858,200,5,200,default,naive-kmeans,40:60
13,55,0.5600000023841858,200,5,200,default,naive-kmeans,40:60
13,56,0.5600000023841858,200,5,200,default,naive-kmeans,40:60
13,57,0.5600000023841858,200,5,200,default,naive-kmeans,40:60
13,58,0.5600000023841858,200,5,200,default,naive-kmeans,40:60
13,59,0.5600000023841858,200,5,200,default,naive-kmeans,40:60
13,60,0.5600000023841858,200,5,200,default,naive-kmeans,40:60
13,61,0.5600000023841858,200,5,200,default,naive-kmeans,40:60
13,62,0.5600000023841858,200,5,200,default,naive-kmeans,40:60
13,63,0.5600000023841858,200,5,200,default,naive-kmeans,40:60
13,64,0.5600000023841858,200,5,200,default,naive-kmeans,40:60
13,65,0.5600000023841858,200,5,200,default,naive-kmeans,40:60
13,66,0.5600000023841858,200,5,200,default,naive-kmeans,40:60
13,67,0.5600000023841858,200,5,200,default,naive-kmeans,40:60
13,68,0.5600000023841858,200,5,200,default,naive-kmeans,40:60
13,69,0.5600000023841858,200,5,200,default,naive-kmeans,40:60
13,70,0.5600000023841858,200,5,200,default,naive-kmeans,40:60
13,71,0.5600000023841858,200,5,200,default,naive-kmeans,40:60
13,72,0.5600000023841858,200,5,200,default,naive-kmeans,40:60
13,73,0.5600000023841858,200,5,200,default,naive-kmeans,40:60
13,74,0.5600000023841858,200,5,200,default,naive-kmeans,40:60
13,75,0.5600000023841858,200,5,200,default,naive-kmeans,40:60
13,76,0.5600000023841858,200,5,200,default,naive-kmeans,40:60
13,77,0.5600000023841858,200,5,200,default,naive-kmeans,40:60
13,78,0.5600000023841858,200,5,200,default,naive-kmeans,40:60
13,79,0.5600000023841858,200,5,200,default,naive-kmeans,40:60
13,80,0.5600000023841858,200,5,200,default,naive-kmeans,40:60
13,81,0.5600000023841858,200,5,200,default,naive-kmeans,40:60
13,82,0.5600000023841858,200,5,200,default,naive-kmeans,40:60
13,83,0.5600000023841858,200,5,200,default,naive-kmeans,40:60
13,84,0.5600000023841858,200,5,200,default,naive-kmeans,40:60
13,85,0.5600000023841858,200,5,200,default,naive-kmeans,40:60
13,86,0.5600000023841858,200,5,200,default,naive-kmeans,40:60
13,87,0.5600000023841858,200,5,200,default,naive-kmeans,40:60
13,88,0.5600000023841858,200,5,200,default,naive-kmeans,40:60
13,89,0.5600000023841858,200,5,200,default,naive-kmeans,40:60
13,90,0.5600000023841858,200,5,200,default,naive-kmeans,40:60
13,91,0.5600000023841858,200,5,200,default,naive-kmeans,40:60
13,92,0.5600000023841858,200,5,200,default,naive-kmeans,40:60
13,93,0.5600000023841858,200,5,200,default,naive-kmeans,40:60
13,94,0.5600000023841858,200,5,200,default,naive-kmeans,40:60
13,95,0.5600000023841858,200,5,200,default,naive-kmeans,40:60
13,96,0.5600000023841858,200,5,200,default,naive-kmeans,40:60
13,97,0.5600000023841858,200,5,200,default,naive-kmeans,40:60
13,98,0.5600000023841858,200,5,200,default,naive-kmeans,40:60
13,99,0.5600000023841858,200,5,200,default,naive-kmeans,40:60
14,0,0.47999998927116394,200,5,200,default,naive-kmeans,40:60
14,1,0.5,200,5,200,default,naive-kmeans,40:60
14,2,0.5,200,5,200,default,naive-kmeans,40:60
14,3,0.5199999809265137,200,5,200,default,naive-kmeans,40:60
14,4,0.5350000262260437,200,5,200,default,naive-kmeans,40:60
14,5,0.5049999952316284,200,5,200,default,naive-kmeans,40:60
14,6,0.5149999856948853,200,5,200,default,naive-kmeans,40:60
14,7,0.5400000214576721,200,5,200,default,naive-kmeans,40:60
14,8,0.5049999952316284,200,5,200,default,naive-kmeans,40:60
14,9,0.5049999952316284,200,5,200,default,naive-kmeans,40:60
14,10,0.5099999904632568,200,5,200,default,naive-kmeans,40:60
14,11,0.47999998927116394,200,5,200,default,naive-kmeans,40:60
14,12,0.4699999988079071,200,5,200,default,naive-kmeans,40:60
14,13,0.4699999988079071,200,5,200,default,naive-kmeans,40:60
14,14,0.4950000047683716,200,5,200,default,naive-kmeans,40:60
14,15,0.5400000214576721,200,5,200,default,naive-kmeans,40:60
14,16,0.5400000214576721,200,5,200,default,naive-kmeans,40:60
14,17,0.5400000214576721,200,5,200,default,naive-kmeans,40:60
14,18,0.5400000214576721,200,5,200,default,naive-kmeans,40:60
14,19,0.5400000214576721,200,5,200,default,naive-kmeans,40:60
14,20,0.5400000214576721,200,5,200,default,naive-kmeans,40:60
14,21,0.5400000214576721,200,5,200,default,naive-kmeans,40:60
14,22,0.5400000214576721,200,5,200,default,naive-kmeans,40:60
14,23,0.5400000214576721,200,5,200,default,naive-kmeans,40:60
14,24,0.5400000214576721,200,5,200,default,naive-kmeans,40:60
14,25,0.5400000214576721,200,5,200,default,naive-kmeans,40:60
14,26,0.5400000214576721,200,5,200,default,naive-kmeans,40:60
14,27,0.5400000214576721,200,5,200,default,naive-kmeans,40:60
14,28,0.5400000214576721,200,5,200,default,naive-kmeans,40:60
14,29,0.5400000214576721,200,5,200,default,naive-kmeans,40:60
14,30,0.5400000214576721,200,5,200,default,naive-kmeans,40:60
14,31,0.5400000214576721,200,5,200,default,naive-kmeans,40:60
14,32,0.5400000214576721,200,5,200,default,naive-kmeans,40:60
14,33,0.5400000214576721,200,5,200,default,naive-kmeans,40:60
14,34,0.5400000214576721,200,5,200,default,naive-kmeans,40:60
14,35,0.5400000214576721,200,5,200,default,naive-kmeans,40:60
14,36,0.5400000214576721,200,5,200,default,naive-kmeans,40:60
14,37,0.5400000214576721,200,5,200,default,naive-kmeans,40:60
14,38,0.5400000214576721,200,5,200,default,naive-kmeans,40:60
14,39,0.5400000214576721,200,5,200,default,naive-kmeans,40:60
14,40,0.5400000214576721,200,5,200,default,naive-kmeans,40:60
14,41,0.5400000214576721,200,5,200,default,naive-kmeans,40:60
14,42,0.5400000214576721,200,5,200,default,naive-kmeans,40:60
14,43,0.5400000214576721,200,5,200,default,naive-kmeans,40:60
14,44,0.5400000214576721,200,5,200,default,naive-kmeans,40:60
14,45,0.5400000214576721,200,5,200,default,naive-kmeans,40:60
14,46,0.5400000214576721,200,5,200,default,naive-kmeans,40:60
14,47,0.5400000214576721,200,5,200,default,naive-kmeans,40:60
14,48,0.5400000214576721,200,5,200,default,naive-kmeans,40:60
14,49,0.5400000214576721,200,5,200,default,naive-kmeans,40:60
14,50,0.5400000214576721,200,5,200,default,naive-kmeans,40:60
14,51,0.5400000214576721,200,5,200,default,naive-kmeans,40:60
14,52,0.5400000214576721,200,5,200,default,naive-kmeans,40:60
14,53,0.5400000214576721,200,5,200,default,naive-kmeans,40:60
14,54,0.5400000214576721,200,5,200,default,naive-kmeans,40:60
14,55,0.5400000214576721,200,5,200,default,naive-kmeans,40:60
14,56,0.5400000214576721,200,5,200,default,naive-kmeans,40:60
14,57,0.5400000214576721,200,5,200,default,naive-kmeans,40:60
14,58,0.5400000214576721,200,5,200,default,naive-kmeans,40:60
14,59,0.5400000214576721,200,5,200,default,naive-kmeans,40:60
14,60,0.5400000214576721,200,5,200,default,naive-kmeans,40:60
14,61,0.5400000214576721,200,5,200,default,naive-kmeans,40:60
14,62,0.5400000214576721,200,5,200,default,naive-kmeans,40:60
14,63,0.5400000214576721,200,5,200,default,naive-kmeans,40:60
14,64,0.5400000214576721,200,5,200,default,naive-kmeans,40:60
14,65,0.5400000214576721,200,5,200,default,naive-kmeans,40:60
14,66,0.5400000214576721,200,5,200,default,naive-kmeans,40:60
14,67,0.5400000214576721,200,5,200,default,naive-kmeans,40:60
14,68,0.5400000214576721,200,5,200,default,naive-kmeans,40:60
14,69,0.5400000214576721,200,5,200,default,naive-kmeans,40:60
14,70,0.5400000214576721,200,5,200,default,naive-kmeans,40:60
14,71,0.5400000214576721,200,5,200,default,naive-kmeans,40:60
14,72,0.5400000214576721,200,5,200,default,naive-kmeans,40:60
14,73,0.5400000214576721,200,5,200,default,naive-kmeans,40:60
14,74,0.5400000214576721,200,5,200,default,naive-kmeans,40:60
14,75,0.5400000214576721,200,5,200,default,naive-kmeans,40:60
14,76,0.5400000214576721,200,5,200,default,naive-kmeans,40:60
14,77,0.5400000214576721,200,5,200,default,naive-kmeans,40:60
14,78,0.5400000214576721,200,5,200,default,naive-kmeans,40:60
14,79,0.5400000214576721,200,5,200,default,naive-kmeans,40:60
14,80,0.5400000214576721,200,5,200,default,naive-kmeans,40:60
14,81,0.5400000214576721,200,5,200,default,naive-kmeans,40:60
14,82,0.5400000214576721,200,5,200,default,naive-kmeans,40:60
14,83,0.5400000214576721,200,5,200,default,naive-kmeans,40:60
14,84,0.5400000214576721,200,5,200,default,naive-kmeans,40:60
14,85,0.5400000214576721,200,5,200,default,naive-kmeans,40:60
14,86,0.5400000214576721,200,5,200,default,naive-kmeans,40:60
14,87,0.5400000214576721,200,5,200,default,naive-kmeans,40:60
14,88,0.5400000214576721,200,5,200,default,naive-kmeans,40:60
14,89,0.5400000214576721,200,5,200,default,naive-kmeans,40:60
14,90,0.5400000214576721,200,5,200,default,naive-kmeans,40:60
14,91,0.5400000214576721,200,5,200,default,naive-kmeans,40:60
14,92,0.5400000214576721,200,5,200,default,naive-kmeans,40:60
14,93,0.5400000214576721,200,5,200,default,naive-kmeans,40:60
14,94,0.5400000214576721,200,5,200,default,naive-kmeans,40:60
14,95,0.5400000214576721,200,5,200,default,naive-kmeans,40:60
14,96,0.5400000214576721,200,5,200,default,naive-kmeans,40:60
14,97,0.5400000214576721,200,5,200,default,naive-kmeans,40:60
14,98,0.5400000214576721,200,5,200,default,naive-kmeans,40:60
14,99,0.5400000214576721,200,5,200,default,naive-kmeans,40:60
15,0,0.550000011920929,200,5,200,default,naive-kmeans,40:60
15,1,0.4399999976158142,200,5,200,default,naive-kmeans,40:60
15,2,0.5199999809265137,200,5,200,default,naive-kmeans,40:60
15,3,0.5249999761581421,200,5,200,default,naive-kmeans,40:60
15,4,0.4449999928474426,200,5,200,default,naive-kmeans,40:60
15,5,0.41999998688697815,200,5,200,default,naive-kmeans,40:60
15,6,0.4350000023841858,200,5,200,default,naive-kmeans,40:60
15,7,0.46000000834465027,200,5,200,default,naive-kmeans,40:60
15,8,0.44999998807907104,200,5,200,default,naive-kmeans,40:60
15,9,0.49000000953674316,200,5,200,default,naive-kmeans,40:60
15,10,0.47999998927116394,200,5,200,default,naive-kmeans,40:60
15,11,0.46000000834465027,200,5,200,default,naive-kmeans,40:60
15,12,0.4699999988079071,200,5,200,default,naive-kmeans,40:60
15,13,0.550000011920929,200,5,200,default,naive-kmeans,40:60
15,14,0.4650000035762787,200,5,200,default,naive-kmeans,40:60
15,15,0.4749999940395355,200,5,200,default,naive-kmeans,40:60
15,16,0.550000011920929,200,5,200,default,naive-kmeans,40:60
15,17,0.550000011920929,200,5,200,default,naive-kmeans,40:60
15,18,0.550000011920929,200,5,200,default,naive-kmeans,40:60
15,19,0.550000011920929,200,5,200,default,naive-kmeans,40:60
15,20,0.550000011920929,200,5,200,default,naive-kmeans,40:60
15,21,0.550000011920929,200,5,200,default,naive-kmeans,40:60
15,22,0.550000011920929,200,5,200,default,naive-kmeans,40:60
15,23,0.550000011920929,200,5,200,default,naive-kmeans,40:60
15,24,0.550000011920929,200,5,200,default,naive-kmeans,40:60
15,25,0.550000011920929,200,5,200,default,naive-kmeans,40:60
15,26,0.550000011920929,200,5,200,default,naive-kmeans,40:60
15,27,0.550000011920929,200,5,200,default,naive-kmeans,40:60
15,28,0.550000011920929,200,5,200,default,naive-kmeans,40:60
15,29,0.550000011920929,200,5,200,default,naive-kmeans,40:60
15,30,0.550000011920929,200,5,200,default,naive-kmeans,40:60
15,31,0.550000011920929,200,5,200,default,naive-kmeans,40:60
15,32,0.550000011920929,200,5,200,default,naive-kmeans,40:60
15,33,0.550000011920929,200,5,200,default,naive-kmeans,40:60
15,34,0.550000011920929,200,5,200,default,naive-kmeans,40:60
15,35,0.550000011920929,200,5,200,default,naive-kmeans,40:60
15,36,0.550000011920929,200,5,200,default,naive-kmeans,40:60
15,37,0.550000011920929,200,5,200,default,naive-kmeans,40:60
15,38,0.550000011920929,200,5,200,default,naive-kmeans,40:60
15,39,0.550000011920929,200,5,200,default,naive-kmeans,40:60
15,40,0.550000011920929,200,5,200,default,naive-kmeans,40:60
15,41,0.550000011920929,200,5,200,default,naive-kmeans,40:60
15,42,0.550000011920929,200,5,200,default,naive-kmeans,40:60
15,43,0.550000011920929,200,5,200,default,naive-kmeans,40:60
15,44,0.550000011920929,200,5,200,default,naive-kmeans,40:60
15,45,0.550000011920929,200,5,200,default,naive-kmeans,40:60
15,46,0.550000011920929,200,5,200,default,naive-kmeans,40:60
15,47,0.550000011920929,200,5,200,default,naive-kmeans,40:60
15,48,0.550000011920929,200,5,200,default,naive-kmeans,40:60
15,49,0.550000011920929,200,5,200,default,naive-kmeans,40:60
15,50,0.550000011920929,200,5,200,default,naive-kmeans,40:60
15,51,0.550000011920929,200,5,200,default,naive-kmeans,40:60
15,52,0.550000011920929,200,5,200,default,naive-kmeans,40:60
15,53,0.550000011920929,200,5,200,default,naive-kmeans,40:60
15,54,0.550000011920929,200,5,200,default,naive-kmeans,40:60
15,55,0.550000011920929,200,5,200,default,naive-kmeans,40:60
15,56,0.550000011920929,200,5,200,default,naive-kmeans,40:60
15,57,0.550000011920929,200,5,200,default,naive-kmeans,40:60
15,58,0.550000011920929,200,5,200,default,naive-kmeans,40:60
15,59,0.550000011920929,200,5,200,default,naive-kmeans,40:60
15,60,0.550000011920929,200,5,200,default,naive-kmeans,40:60
15,61,0.550000011920929,200,5,200,default,naive-kmeans,40:60
15,62,0.550000011920929,200,5,200,default,naive-kmeans,40:60
15,63,0.550000011920929,200,5,200,default,naive-kmeans,40:60
15,64,0.550000011920929,200,5,200,default,naive-kmeans,40:60
15,65,0.550000011920929,200,5,200,default,naive-kmeans,40:60
15,66,0.550000011920929,200,5,200,default,naive-kmeans,40:60
15,67,0.550000011920929,200,5,200,default,naive-kmeans,40:60
15,68,0.550000011920929,200,5,200,default,naive-kmeans,40:60
15,69,0.550000011920929,200,5,200,default,naive-kmeans,40:60
15,70,0.550000011920929,200,5,200,default,naive-kmeans,40:60
15,71,0.550000011920929,200,5,200,default,naive-kmeans,40:60
15,72,0.550000011920929,200,5,200,default,naive-kmeans,40:60
15,73,0.550000011920929,200,5,200,default,naive-kmeans,40:60
15,74,0.550000011920929,200,5,200,default,naive-kmeans,40:60
15,75,0.550000011920929,200,5,200,default,naive-kmeans,40:60
15,76,0.550000011920929,200,5,200,default,naive-kmeans,40:60
15,77,0.550000011920929,200,5,200,default,naive-kmeans,40:60
15,78,0.550000011920929,200,5,200,default,naive-kmeans,40:60
15,79,0.550000011920929,200,5,200,default,naive-kmeans,40:60
15,80,0.550000011920929,200,5,200,default,naive-kmeans,40:60
15,81,0.550000011920929,200,5,200,default,naive-kmeans,40:60
15,82,0.550000011920929,200,5,200,default,naive-kmeans,40:60
15,83,0.550000011920929,200,5,200,default,naive-kmeans,40:60
15,84,0.550000011920929,200,5,200,default,naive-kmeans,40:60
15,85,0.550000011920929,200,5,200,default,naive-kmeans,40:60
15,86,0.550000011920929,200,5,200,default,naive-kmeans,40:60
15,87,0.550000011920929,200,5,200,default,naive-kmeans,40:60
15,88,0.550000011920929,200,5,200,default,naive-kmeans,40:60
15,89,0.550000011920929,200,5,200,default,naive-kmeans,40:60
15,90,0.550000011920929,200,5,200,default,naive-kmeans,40:60
15,91,0.550000011920929,200,5,200,default,naive-kmeans,40:60
15,92,0.550000011920929,200,5,200,default,naive-kmeans,40:60
15,93,0.550000011920929,200,5,200,default,naive-kmeans,40:60
15,94,0.550000011920929,200,5,200,default,naive-kmeans,40:60
15,95,0.550000011920929,200,5,200,default,naive-kmeans,40:60
15,96,0.550000011920929,200,5,200,default,naive-kmeans,40:60
15,97,0.550000011920929,200,5,200,default,naive-kmeans,40:60
15,98,0.550000011920929,200,5,200,default,naive-kmeans,40:60
15,99,0.550000011920929,200,5,200,default,naive-kmeans,40:60
16,0,0.4699999988079071,200,5,200,default,naive-kmeans,40:60
16,1,0.47999998927116394,200,5,200,default,naive-kmeans,40:60
16,2,0.5249999761581421,200,5,200,default,naive-kmeans,40:60
16,3,0.4699999988079071,200,5,200,default,naive-kmeans,40:60
16,4,0.47999998927116394,200,5,200,default,naive-kmeans,40:60
16,5,0.46000000834465027,200,5,200,default,naive-kmeans,40:60
16,6,0.5149999856948853,200,5,200,default,naive-kmeans,40:60
16,7,0.5249999761581421,200,5,200,default,naive-kmeans,40:60
16,8,0.46000000834465027,200,5,200,default,naive-kmeans,40:60
16,9,0.48500001430511475,200,5,200,default,naive-kmeans,40:60
16,10,0.5149999856948853,200,5,200,default,naive-kmeans,40:60
16,11,0.49000000953674316,200,5,200,default,naive-kmeans,40:60
16,12,0.5249999761581421,200,5,200,default,naive-kmeans,40:60
16,13,0.5249999761581421,200,5,200,default,naive-kmeans,40:60
16,14,0.5249999761581421,200,5,200,default,naive-kmeans,40:60
16,15,0.5249999761581421,200,5,200,default,naive-kmeans,40:60
16,16,0.5249999761581421,200,5,200,default,naive-kmeans,40:60
16,17,0.5249999761581421,200,5,200,default,naive-kmeans,40:60
16,18,0.5249999761581421,200,5,200,default,naive-kmeans,40:60
16,19,0.5249999761581421,200,5,200,default,naive-kmeans,40:60
16,20,0.5249999761581421,200,5,200,default,naive-kmeans,40:60
16,21,0.5249999761581421,200,5,200,default,naive-kmeans,40:60
16,22,0.5249999761581421,200,5,200,default,naive-kmeans,40:60
16,23,0.5249999761581421,200,5,200,default,naive-kmeans,40:60
16,24,0.5249999761581421,200,5,200,default,naive-kmeans,40:60
16,25,0.5249999761581421,200,5,200,default,naive-kmeans,40:60
16,26,0.5249999761581421,200,5,200,default,naive-kmeans,40:60
16,27,0.5249999761581421,200,5,200,default,naive-kmeans,40:60
16,28,0.5249999761581421,200,5,200,default,naive-kmeans,40:60
16,29,0.5249999761581421,200,5,200,default,naive-kmeans,40:60
16,30,0.5249999761581421,200,5,200,default,naive-kmeans,40:60
16,31,0.5249999761581421,200,5,200,default,naive-kmeans,40:60
16,32,0.5249999761581421,200,5,200,default,naive-kmeans,40:60
16,33,0.5249999761581421,200,5,200,default,naive-kmeans,40:60
16,34,0.5249999761581421,200,5,200,default,naive-kmeans,40:60
16,35,0.5249999761581421,200,5,200,default,naive-kmeans,40:60
16,36,0.5249999761581421,200,5,200,default,naive-kmeans,40:60
16,37,0.5249999761581421,200,5,200,default,naive-kmeans,40:60
16,38,0.5249999761581421,200,5,200,default,naive-kmeans,40:60
16,39,0.5249999761581421,200,5,200,default,naive-kmeans,40:60
16,40,0.5249999761581421,200,5,200,default,naive-kmeans,40:60
16,41,0.5249999761581421,200,5,200,default,naive-kmeans,40:60
16,42,0.5249999761581421,200,5,200,default,naive-kmeans,40:60
16,43,0.5249999761581421,200,5,200,default,naive-kmeans,40:60
16,44,0.5249999761581421,200,5,200,default,naive-kmeans,40:60
16,45,0.5249999761581421,200,5,200,default,naive-kmeans,40:60
16,46,0.5249999761581421,200,5,200,default,naive-kmeans,40:60
16,47,0.5249999761581421,200,5,200,default,naive-kmeans,40:60
16,48,0.5249999761581421,200,5,200,default,naive-kmeans,40:60
16,49,0.5249999761581421,200,5,200,default,naive-kmeans,40:60
16,50,0.5249999761581421,200,5,200,default,naive-kmeans,40:60
16,51,0.5249999761581421,200,5,200,default,naive-kmeans,40:60
16,52,0.5249999761581421,200,5,200,default,naive-kmeans,40:60
16,53,0.5249999761581421,200,5,200,default,naive-kmeans,40:60
16,54,0.5249999761581421,200,5,200,default,naive-kmeans,40:60
16,55,0.5249999761581421,200,5,200,default,naive-kmeans,40:60
16,56,0.5249999761581421,200,5,200,default,naive-kmeans,40:60
16,57,0.5249999761581421,200,5,200,default,naive-kmeans,40:60
16,58,0.5249999761581421,200,5,200,default,naive-kmeans,40:60
16,59,0.5249999761581421,200,5,200,default,naive-kmeans,40:60
16,60,0.5249999761581421,200,5,200,default,naive-kmeans,40:60
16,61,0.5249999761581421,200,5,200,default,naive-kmeans,40:60
16,62,0.5249999761581421,200,5,200,default,naive-kmeans,40:60
16,63,0.5249999761581421,200,5,200,default,naive-kmeans,40:60
16,64,0.5249999761581421,200,5,200,default,naive-kmeans,40:60
16,65,0.5249999761581421,200,5,200,default,naive-kmeans,40:60
16,66,0.5249999761581421,200,5,200,default,naive-kmeans,40:60
16,67,0.5249999761581421,200,5,200,default,naive-kmeans,40:60
16,68,0.5249999761581421,200,5,200,default,naive-kmeans,40:60
16,69,0.5249999761581421,200,5,200,default,naive-kmeans,40:60
16,70,0.5249999761581421,200,5,200,default,naive-kmeans,40:60
16,71,0.5249999761581421,200,5,200,default,naive-kmeans,40:60
16,72,0.5249999761581421,200,5,200,default,naive-kmeans,40:60
16,73,0.5249999761581421,200,5,200,default,naive-kmeans,40:60
16,74,0.5249999761581421,200,5,200,default,naive-kmeans,40:60
16,75,0.5249999761581421,200,5,200,default,naive-kmeans,40:60
16,76,0.5249999761581421,200,5,200,default,naive-kmeans,40:60
16,77,0.5249999761581421,200,5,200,default,naive-kmeans,40:60
16,78,0.5249999761581421,200,5,200,default,naive-kmeans,40:60
16,79,0.5249999761581421,200,5,200,default,naive-kmeans,40:60
16,80,0.5249999761581421,200,5,200,default,naive-kmeans,40:60
16,81,0.5249999761581421,200,5,200,default,naive-kmeans,40:60
16,82,0.5249999761581421,200,5,200,default,naive-kmeans,40:60
16,83,0.5249999761581421,200,5,200,default,naive-kmeans,40:60
16,84,0.5249999761581421,200,5,200,default,naive-kmeans,40:60
16,85,0.5249999761581421,200,5,200,default,naive-kmeans,40:60
16,86,0.5249999761581421,200,5,200,default,naive-kmeans,40:60
16,87,0.5249999761581421,200,5,200,default,naive-kmeans,40:60
16,88,0.5249999761581421,200,5,200,default,naive-kmeans,40:60
16,89,0.5249999761581421,200,5,200,default,naive-kmeans,40:60
16,90,0.5249999761581421,200,5,200,default,naive-kmeans,40:60
16,91,0.5249999761581421,200,5,200,default,naive-kmeans,40:60
16,92,0.5249999761581421,200,5,200,default,naive-kmeans,40:60
16,93,0.5249999761581421,200,5,200,default,naive-kmeans,40:60
16,94,0.5249999761581421,200,5,200,default,naive-kmeans,40:60
16,95,0.5249999761581421,200,5,200,default,naive-kmeans,40:60
16,96,0.5249999761581421,200,5,200,default,naive-kmeans,40:60
16,97,0.5249999761581421,200,5,200,default,naive-kmeans,40:60
16,98,0.5249999761581421,200,5,200,default,naive-kmeans,40:60
16,99,0.5249999761581421,200,5,200,default,naive-kmeans,40:60
17,0,0.5049999952316284,200,5,200,default,naive-kmeans,40:60
17,1,0.5049999952316284,200,5,200,default,naive-kmeans,40:60
17,2,0.5,200,5,200,default,naive-kmeans,40:60
17,3,0.49000000953674316,200,5,200,default,naive-kmeans,40:60
17,4,0.5550000071525574,200,5,200,default,naive-kmeans,40:60
17,5,0.5049999952316284,200,5,200,default,naive-kmeans,40:60
17,6,0.550000011920929,200,5,200,default,naive-kmeans,40:60
17,7,0.5299999713897705,200,5,200,default,naive-kmeans,40:60
17,8,0.4950000047683716,200,5,200,default,naive-kmeans,40:60
17,9,0.49000000953674316,200,5,200,default,naive-kmeans,40:60
17,10,0.5099999904632568,200,5,200,default,naive-kmeans,40:60
17,11,0.4950000047683716,200,5,200,default,naive-kmeans,40:60
17,12,0.5,200,5,200,default,naive-kmeans,40:60
17,13,0.5550000071525574,200,5,200,default,naive-kmeans,40:60
17,14,0.5550000071525574,200,5,200,default,naive-kmeans,40:60
17,15,0.5550000071525574,200,5,200,default,naive-kmeans,40:60
17,16,0.5550000071525574,200,5,200,default,naive-kmeans,40:60
17,17,0.5550000071525574,200,5,200,default,naive-kmeans,40:60
17,18,0.5550000071525574,200,5,200,default,naive-kmeans,40:60
17,19,0.5550000071525574,200,5,200,default,naive-kmeans,40:60
17,20,0.5550000071525574,200,5,200,default,naive-kmeans,40:60
17,21,0.5550000071525574,200,5,200,default,naive-kmeans,40:60
17,22,0.5550000071525574,200,5,200,default,naive-kmeans,40:60
17,23,0.5550000071525574,200,5,200,default,naive-kmeans,40:60
17,24,0.5550000071525574,200,5,200,default,naive-kmeans,40:60
17,25,0.5550000071525574,200,5,200,default,naive-kmeans,40:60
17,26,0.5550000071525574,200,5,200,default,naive-kmeans,40:60
17,27,0.5550000071525574,200,5,200,default,naive-kmeans,40:60
17,28,0.5550000071525574,200,5,200,default,naive-kmeans,40:60
17,29,0.5550000071525574,200,5,200,default,naive-kmeans,40:60
17,30,0.5550000071525574,200,5,200,default,naive-kmeans,40:60
17,31,0.5550000071525574,200,5,200,default,naive-kmeans,40:60
17,32,0.5550000071525574,200,5,200,default,naive-kmeans,40:60
17,33,0.5550000071525574,200,5,200,default,naive-kmeans,40:60
17,34,0.5550000071525574,200,5,200,default,naive-kmeans,40:60
17,35,0.5550000071525574,200,5,200,default,naive-kmeans,40:60
17,36,0.5550000071525574,200,5,200,default,naive-kmeans,40:60
17,37,0.5550000071525574,200,5,200,default,naive-kmeans,40:60
17,38,0.5550000071525574,200,5,200,default,naive-kmeans,40:60
17,39,0.5550000071525574,200,5,200,default,naive-kmeans,40:60
17,40,0.5550000071525574,200,5,200,default,naive-kmeans,40:60
17,41,0.5550000071525574,200,5,200,default,naive-kmeans,40:60
17,42,0.5550000071525574,200,5,200,default,naive-kmeans,40:60
17,43,0.5550000071525574,200,5,200,default,naive-kmeans,40:60
17,44,0.5550000071525574,200,5,200,default,naive-kmeans,40:60
17,45,0.5550000071525574,200,5,200,default,naive-kmeans,40:60
17,46,0.5550000071525574,200,5,200,default,naive-kmeans,40:60
17,47,0.5550000071525574,200,5,200,default,naive-kmeans,40:60
17,48,0.5550000071525574,200,5,200,default,naive-kmeans,40:60
17,49,0.5550000071525574,200,5,200,default,naive-kmeans,40:60
17,50,0.5550000071525574,200,5,200,default,naive-kmeans,40:60
17,51,0.5550000071525574,200,5,200,default,naive-kmeans,40:60
17,52,0.5550000071525574,200,5,200,default,naive-kmeans,40:60
17,53,0.5550000071525574,200,5,200,default,naive-kmeans,40:60
17,54,0.5550000071525574,200,5,200,default,naive-kmeans,40:60
17,55,0.5550000071525574,200,5,200,default,naive-kmeans,40:60
17,56,0.5550000071525574,200,5,200,default,naive-kmeans,40:60
17,57,0.5550000071525574,200,5,200,default,naive-kmeans,40:60
17,58,0.5550000071525574,200,5,200,default,naive-kmeans,40:60
17,59,0.5550000071525574,200,5,200,default,naive-kmeans,40:60
17,60,0.5550000071525574,200,5,200,default,naive-kmeans,40:60
17,61,0.5550000071525574,200,5,200,default,naive-kmeans,40:60
17,62,0.5550000071525574,200,5,200,default,naive-kmeans,40:60
17,63,0.5550000071525574,200,5,200,default,naive-kmeans,40:60
17,64,0.5550000071525574,200,5,200,default,naive-kmeans,40:60
17,65,0.5550000071525574,200,5,200,default,naive-kmeans,40:60
17,66,0.5550000071525574,200,5,200,default,naive-kmeans,40:60
17,67,0.5550000071525574,200,5,200,default,naive-kmeans,40:60
17,68,0.5550000071525574,200,5,200,default,naive-kmeans,40:60
17,69,0.5550000071525574,200,5,200,default,naive-kmeans,40:60
17,70,0.5550000071525574,200,5,200,default,naive-kmeans,40:60
17,71,0.5550000071525574,200,5,200,default,naive-kmeans,40:60
17,72,0.5550000071525574,200,5,200,default,naive-kmeans,40:60
17,73,0.5550000071525574,200,5,200,default,naive-kmeans,40:60
17,74,0.5550000071525574,200,5,200,default,naive-kmeans,40:60
17,75,0.5550000071525574,200,5,200,default,naive-kmeans,40:60
17,76,0.5550000071525574,200,5,200,default,naive-kmeans,40:60
17,77,0.5550000071525574,200,5,200,default,naive-kmeans,40:60
17,78,0.5550000071525574,200,5,200,default,naive-kmeans,40:60
17,79,0.5550000071525574,200,5,200,default,naive-kmeans,40:60
17,80,0.5550000071525574,200,5,200,default,naive-kmeans,40:60
17,81,0.5550000071525574,200,5,200,default,naive-kmeans,40:60
17,82,0.5550000071525574,200,5,200,default,naive-kmeans,40:60
17,83,0.5550000071525574,200,5,200,default,naive-kmeans,40:60
17,84,0.5550000071525574,200,5,200,default,naive-kmeans,40:60
17,85,0.5550000071525574,200,5,200,default,naive-kmeans,40:60
17,86,0.5550000071525574,200,5,200,default,naive-kmeans,40:60
17,87,0.5550000071525574,200,5,200,default,naive-kmeans,40:60
17,88,0.5550000071525574,200,5,200,default,naive-kmeans,40:60
17,89,0.5550000071525574,200,5,200,default,naive-kmeans,40:60
17,90,0.5550000071525574,200,5,200,default,naive-kmeans,40:60
17,91,0.5550000071525574,200,5,200,default,naive-kmeans,40:60
17,92,0.5550000071525574,200,5,200,default,naive-kmeans,40:60
17,93,0.5550000071525574,200,5,200,default,naive-kmeans,40:60
17,94,0.5550000071525574,200,5,200,default,naive-kmeans,40:60
17,95,0.5550000071525574,200,5,200,default,naive-kmeans,40:60
17,96,0.5550000071525574,200,5,200,default,naive-kmeans,40:60
17,97,0.5550000071525574,200,5,200,default,naive-kmeans,40:60
17,98,0.5550000071525574,200,5,200,default,naive-kmeans,40:60
17,99,0.5550000071525574,200,5,200,default,naive-kmeans,40:60
18,0,0.5099999904632568,200,5,200,default,naive-kmeans,40:60
18,1,0.5099999904632568,200,5,200,default,naive-kmeans,40:60
18,2,0.5049999952316284,200,5,200,default,naive-kmeans,40:60
18,3,0.5099999904632568,200,5,200,default,naive-kmeans,40:60
18,4,0.49000000953674316,200,5,200,default,naive-kmeans,40:60
18,5,0.5149999856948853,200,5,200,default,naive-kmeans,40:60
18,6,0.5099999904632568,200,5,200,default,naive-kmeans,40:60
18,7,0.5099999904632568,200,5,200,default,naive-kmeans,40:60
18,8,0.5199999809265137,200,5,200,default,naive-kmeans,40:60
18,9,0.5099999904632568,200,5,200,default,naive-kmeans,40:60
18,10,0.48500001430511475,200,5,200,default,naive-kmeans,40:60
18,11,0.5,200,5,200,default,naive-kmeans,40:60
18,12,0.48500001430511475,200,5,200,default,naive-kmeans,40:60
18,13,0.4950000047683716,200,5,200,default,naive-kmeans,40:60
18,14,0.49000000953674316,200,5,200,default,naive-kmeans,40:60
18,15,0.5199999809265137,200,5,200,default,naive-kmeans,40:60
18,16,0.5199999809265137,200,5,200,default,naive-kmeans,40:60
18,17,0.5199999809265137,200,5,200,default,naive-kmeans,40:60
18,18,0.5199999809265137,200,5,200,default,naive-kmeans,40:60
18,19,0.5199999809265137,200,5,200,default,naive-kmeans,40:60
18,20,0.5199999809265137,200,5,200,default,naive-kmeans,40:60
18,21,0.5199999809265137,200,5,200,default,naive-kmeans,40:60
18,22,0.5199999809265137,200,5,200,default,naive-kmeans,40:60
18,23,0.5199999809265137,200,5,200,default,naive-kmeans,40:60
18,24,0.5199999809265137,200,5,200,default,naive-kmeans,40:60
18,25,0.5199999809265137,200,5,200,default,naive-kmeans,40:60
18,26,0.5199999809265137,200,5,200,default,naive-kmeans,40:60
18,27,0.5199999809265137,200,5,200,default,naive-kmeans,40:60
18,28,0.5199999809265137,200,5,200,default,naive-kmeans,40:60
18,29,0.5199999809265137,200,5,200,default,naive-kmeans,40:60
18,30,0.5199999809265137,200,5,200,default,naive-kmeans,40:60
18,31,0.5199999809265137,200,5,200,default,naive-kmeans,40:60
18,32,0.5199999809265137,200,5,200,default,naive-kmeans,40:60
18,33,0.5199999809265137,200,5,200,default,naive-kmeans,40:60
18,34,0.5199999809265137,200,5,200,default,naive-kmeans,40:60
18,35,0.5199999809265137,200,5,200,default,naive-kmeans,40:60
18,36,0.5199999809265137,200,5,200,default,naive-kmeans,40:60
18,37,0.5199999809265137,200,5,200,default,naive-kmeans,40:60
18,38,0.5199999809265137,200,5,200,default,naive-kmeans,40:60
18,39,0.5199999809265137,200,5,200,default,naive-kmeans,40:60
18,40,0.5199999809265137,200,5,200,default,naive-kmeans,40:60
18,41,0.5199999809265137,200,5,200,default,naive-kmeans,40:60
18,42,0.5199999809265137,200,5,200,default,naive-kmeans,40:60
18,43,0.5199999809265137,200,5,200,default,naive-kmeans,40:60
18,44,0.5199999809265137,200,5,200,default,naive-kmeans,40:60
18,45,0.5199999809265137,200,5,200,default,naive-kmeans,40:60
18,46,0.5199999809265137,200,5,200,default,naive-kmeans,40:60
18,47,0.5199999809265137,200,5,200,default,naive-kmeans,40:60
18,48,0.5199999809265137,200,5,200,default,naive-kmeans,40:60
18,49,0.5199999809265137,200,5,200,default,naive-kmeans,40:60
18,50,0.5199999809265137,200,5,200,default,naive-kmeans,40:60
18,51,0.5199999809265137,200,5,200,default,naive-kmeans,40:60
18,52,0.5199999809265137,200,5,200,default,naive-kmeans,40:60
18,53,0.5199999809265137,200,5,200,default,naive-kmeans,40:60
18,54,0.5199999809265137,200,5,200,default,naive-kmeans,40:60
18,55,0.5199999809265137,200,5,200,default,naive-kmeans,40:60
18,56,0.5199999809265137,200,5,200,default,naive-kmeans,40:60
18,57,0.5199999809265137,200,5,200,default,naive-kmeans,40:60
18,58,0.5199999809265137,200,5,200,default,naive-kmeans,40:60
18,59,0.5199999809265137,200,5,200,default,naive-kmeans,40:60
18,60,0.5199999809265137,200,5,200,default,naive-kmeans,40:60
18,61,0.5199999809265137,200,5,200,default,naive-kmeans,40:60
18,62,0.5199999809265137,200,5,200,default,naive-kmeans,40:60
18,63,0.5199999809265137,200,5,200,default,naive-kmeans,40:60
18,64,0.5199999809265137,200,5,200,default,naive-kmeans,40:60
18,65,0.5199999809265137,200,5,200,default,naive-kmeans,40:60
18,66,0.5199999809265137,200,5,200,default,naive-kmeans,40:60
18,67,0.5199999809265137,200,5,200,default,naive-kmeans,40:60
18,68,0.5199999809265137,200,5,200,default,naive-kmeans,40:60
18,69,0.5199999809265137,200,5,200,default,naive-kmeans,40:60
18,70,0.5199999809265137,200,5,200,default,naive-kmeans,40:60
18,71,0.5199999809265137,200,5,200,default,naive-kmeans,40:60
18,72,0.5199999809265137,200,5,200,default,naive-kmeans,40:60
18,73,0.5199999809265137,200,5,200,default,naive-kmeans,40:60
18,74,0.5199999809265137,200,5,200,default,naive-kmeans,40:60
18,75,0.5199999809265137,200,5,200,default,naive-kmeans,40:60
18,76,0.5199999809265137,200,5,200,default,naive-kmeans,40:60
18,77,0.5199999809265137,200,5,200,default,naive-kmeans,40:60
18,78,0.5199999809265137,200,5,200,default,naive-kmeans,40:60
18,79,0.5199999809265137,200,5,200,default,naive-kmeans,40:60
18,80,0.5199999809265137,200,5,200,default,naive-kmeans,40:60
18,81,0.5199999809265137,200,5,200,default,naive-kmeans,40:60
18,82,0.5199999809265137,200,5,200,default,naive-kmeans,40:60
18,83,0.5199999809265137,200,5,200,default,naive-kmeans,40:60
18,84,0.5199999809265137,200,5,200,default,naive-kmeans,40:60
18,85,0.5199999809265137,200,5,200,default,naive-kmeans,40:60
18,86,0.5199999809265137,200,5,200,default,naive-kmeans,40:60
18,87,0.5199999809265137,200,5,200,default,naive-kmeans,40:60
18,88,0.5199999809265137,200,5,200,default,naive-kmeans,40:60
18,89,0.5199999809265137,200,5,200,default,naive-kmeans,40:60
18,90,0.5199999809265137,200,5,200,default,naive-kmeans,40:60
18,91,0.5199999809265137,200,5,200,default,naive-kmeans,40:60
18,92,0.5199999809265137,200,5,200,default,naive-kmeans,40:60
18,93,0.5199999809265137,200,5,200,default,naive-kmeans,40:60
18,94,0.5199999809265137,200,5,200,default,naive-kmeans,40:60
18,95,0.5199999809265137,200,5,200,default,naive-kmeans,40:60
18,96,0.5199999809265137,200,5,200,default,naive-kmeans,40:60
18,97,0.5199999809265137,200,5,200,default,naive-kmeans,40:60
18,98,0.5199999809265137,200,5,200,default,naive-kmeans,40:60
18,99,0.5199999809265137,200,5,200,default,naive-kmeans,40:60
19,0,0.5099999904632568,200,5,200,default,naive-kmeans,40:60
19,1,0.5099999904632568,200,5,200,default,naive-kmeans,40:60
19,2,0.5299999713897705,200,5,200,default,naive-kmeans,40:60
19,3,0.5199999809265137,200,5,200,default,naive-kmeans,40:60
19,4,0.5099999904632568,200,5,200,default,naive-kmeans,40:60
19,5,0.5149999856948853,200,5,200,default,naive-kmeans,40:60
19,6,0.5299999713897705,200,5,200,default,naive-kmeans,40:60
19,7,0.5,200,5,200,default,naive-kmeans,40:60
19,8,0.5,200,5,200,default,naive-kmeans,40:60
19,9,0.5099999904632568,200,5,200,default,naive-kmeans,40:60
19,10,0.47999998927116394,200,5,200,default,naive-kmeans,40:60
19,11,0.47999998927116394,200,5,200,default,naive-kmeans,40:60
19,12,0.48500001430511475,200,5,200,default,naive-kmeans,40:60
19,13,0.5149999856948853,200,5,200,default,naive-kmeans,40:60
19,14,0.5199999809265137,200,5,200,default,naive-kmeans,40:60
19,15,0.5299999713897705,200,5,200,default,naive-kmeans,40:60
19,16,0.5299999713897705,200,5,200,default,naive-kmeans,40:60
19,17,0.5299999713897705,200,5,200,default,naive-kmeans,40:60
19,18,0.5299999713897705,200,5,200,default,naive-kmeans,40:60
19,19,0.5299999713897705,200,5,200,default,naive-kmeans,40:60
19,20,0.5299999713897705,200,5,200,default,naive-kmeans,40:60
19,21,0.5299999713897705,200,5,200,default,naive-kmeans,40:60
19,22,0.5299999713897705,200,5,200,default,naive-kmeans,40:60
19,23,0.5299999713897705,200,5,200,default,naive-kmeans,40:60
19,24,0.5299999713897705,200,5,200,default,naive-kmeans,40:60
19,25,0.5299999713897705,200,5,200,default,naive-kmeans,40:60
19,26,0.5299999713897705,200,5,200,default,naive-kmeans,40:60
19,27,0.5299999713897705,200,5,200,default,naive-kmeans,40:60
19,28,0.5299999713897705,200,5,200,default,naive-kmeans,40:60
19,29,0.5299999713897705,200,5,200,default,naive-kmeans,40:60
19,30,0.5299999713897705,200,5,200,default,naive-kmeans,40:60
19,31,0.5299999713897705,200,5,200,default,naive-kmeans,40:60
19,32,0.5299999713897705,200,5,200,default,naive-kmeans,40:60
19,33,0.5299999713897705,200,5,200,default,naive-kmeans,40:60
19,34,0.5299999713897705,200,5,200,default,naive-kmeans,40:60
19,35,0.5299999713897705,200,5,200,default,naive-kmeans,40:60
19,36,0.5299999713897705,200,5,200,default,naive-kmeans,40:60
19,37,0.5299999713897705,200,5,200,default,naive-kmeans,40:60
19,38,0.5299999713897705,200,5,200,default,naive-kmeans,40:60
19,39,0.5299999713897705,200,5,200,default,naive-kmeans,40:60
19,40,0.5299999713897705,200,5,200,default,naive-kmeans,40:60
19,41,0.5299999713897705,200,5,200,default,naive-kmeans,40:60
19,42,0.5299999713897705,200,5,200,default,naive-kmeans,40:60
19,43,0.5299999713897705,200,5,200,default,naive-kmeans,40:60
19,44,0.5299999713897705,200,5,200,default,naive-kmeans,40:60
19,45,0.5299999713897705,200,5,200,default,naive-kmeans,40:60
19,46,0.5299999713897705,200,5,200,default,naive-kmeans,40:60
19,47,0.5299999713897705,200,5,200,default,naive-kmeans,40:60
19,48,0.5299999713897705,200,5,200,default,naive-kmeans,40:60
19,49,0.5299999713897705,200,5,200,default,naive-kmeans,40:60
19,50,0.5299999713897705,200,5,200,default,naive-kmeans,40:60
19,51,0.5299999713897705,200,5,200,default,naive-kmeans,40:60
19,52,0.5299999713897705,200,5,200,default,naive-kmeans,40:60
19,53,0.5299999713897705,200,5,200,default,naive-kmeans,40:60
19,54,0.5299999713897705,200,5,200,default,naive-kmeans,40:60
19,55,0.5299999713897705,200,5,200,default,naive-kmeans,40:60
19,56,0.5299999713897705,200,5,200,default,naive-kmeans,40:60
19,57,0.5299999713897705,200,5,200,default,naive-kmeans,40:60
19,58,0.5299999713897705,200,5,200,default,naive-kmeans,40:60
19,59,0.5299999713897705,200,5,200,default,naive-kmeans,40:60
19,60,0.5299999713897705,200,5,200,default,naive-kmeans,40:60
19,61,0.5299999713897705,200,5,200,default,naive-kmeans,40:60
19,62,0.5299999713897705,200,5,200,default,naive-kmeans,40:60
19,63,0.5299999713897705,200,5,200,default,naive-kmeans,40:60
19,64,0.5299999713897705,200,5,200,default,naive-kmeans,40:60
19,65,0.5299999713897705,200,5,200,default,naive-kmeans,40:60
19,66,0.5299999713897705,200,5,200,default,naive-kmeans,40:60
19,67,0.5299999713897705,200,5,200,default,naive-kmeans,40:60
19,68,0.5299999713897705,200,5,200,default,naive-kmeans,40:60
19,69,0.5299999713897705,200,5,200,default,naive-kmeans,40:60
19,70,0.5299999713897705,200,5,200,default,naive-kmeans,40:60
19,71,0.5299999713897705,200,5,200,default,naive-kmeans,40:60
19,72,0.5299999713897705,200,5,200,default,naive-kmeans,40:60
19,73,0.5299999713897705,200,5,200,default,naive-kmeans,40:60
19,74,0.5299999713897705,200,5,200,default,naive-kmeans,40:60
19,75,0.5299999713897705,200,5,200,default,naive-kmeans,40:60
19,76,0.5299999713897705,200,5,200,default,naive-kmeans,40:60
19,77,0.5299999713897705,200,5,200,default,naive-kmeans,40:60
19,78,0.5299999713897705,200,5,200,default,naive-kmeans,40:60
19,79,0.5299999713897705,200,5,200,default,naive-kmeans,40:60
19,80,0.5299999713897705,200,5,200,default,naive-kmeans,40:60
19,81,0.5299999713897705,200,5,200,default,naive-kmeans,40:60
19,82,0.5299999713897705,200,5,200,default,naive-kmeans,40:60
19,83,0.5299999713897705,200,5,200,default,naive-kmeans,40:60
19,84,0.5299999713897705,200,5,200,default,naive-kmeans,40:60
19,85,0.5299999713897705,200,5,200,default,naive-kmeans,40:60
19,86,0.5299999713897705,200,5,200,default,naive-kmeans,40:60
19,87,0.5299999713897705,200,5,200,default,naive-kmeans,40:60
19,88,0.5299999713897705,200,5,200,default,naive-kmeans,40:60
19,89,0.5299999713897705,200,5,200,default,naive-kmeans,40:60
19,90,0.5299999713897705,200,5,200,default,naive-kmeans,40:60
19,91,0.5299999713897705,200,5,200,default,naive-kmeans,40:60
19,92,0.5299999713897705,200,5,200,default,naive-kmeans,40:60
19,93,0.5299999713897705,200,5,200,default,naive-kmeans,40:60
19,94,0.5299999713897705,200,5,200,default,naive-kmeans,40:60
19,95,0.5299999713897705,200,5,200,default,naive-kmeans,40:60
19,96,0.5299999713897705,200,5,200,default,naive-kmeans,40:60
19,97,0.5299999713897705,200,5,200,default,naive-kmeans,40:60
19,98,0.5299999713897705,200,5,200,default,naive-kmeans,40:60
19,99,0.5299999713897705,200,5,200,default,naive-kmeans,40:60
20,0,0.5450000166893005,200,5,200,default,naive-kmeans,40:60
20,1,0.5350000262260437,200,5,200,default,naive-kmeans,40:60
20,2,0.5350000262260437,200,5,200,default,naive-kmeans,40:60
20,3,0.5249999761581421,200,5,200,default,naive-kmeans,40:60
20,4,0.5149999856948853,200,5,200,default,naive-kmeans,40:60
20,5,0.5299999713897705,200,5,200,default,naive-kmeans,40:60
20,6,0.5450000166893005,200,5,200,default,naive-kmeans,40:60
20,7,0.5450000166893005,200,5,200,default,naive-kmeans,40:60
20,8,0.5450000166893005,200,5,200,default,naive-kmeans,40:60
20,9,0.5450000166893005,200,5,200,default,naive-kmeans,40:60
20,10,0.5450000166893005,200,5,200,default,naive-kmeans,40:60
20,11,0.5450000166893005,200,5,200,default,naive-kmeans,40:60
20,12,0.5450000166893005,200,5,200,default,naive-kmeans,40:60
20,13,0.5450000166893005,200,5,200,default,naive-kmeans,40:60
20,14,0.5450000166893005,200,5,200,default,naive-kmeans,40:60
20,15,0.5450000166893005,200,5,200,default,naive-kmeans,40:60
20,16,0.5450000166893005,200,5,200,default,naive-kmeans,40:60
20,17,0.5450000166893005,200,5,200,default,naive-kmeans,40:60
20,18,0.5450000166893005,200,5,200,default,naive-kmeans,40:60
20,19,0.5450000166893005,200,5,200,default,naive-kmeans,40:60
20,20,0.5450000166893005,200,5,200,default,naive-kmeans,40:60
20,21,0.5450000166893005,200,5,200,default,naive-kmeans,40:60
20,22,0.5450000166893005,200,5,200,default,naive-kmeans,40:60
20,23,0.5450000166893005,200,5,200,default,naive-kmeans,40:60
20,24,0.5450000166893005,200,5,200,default,naive-kmeans,40:60
20,25,0.5450000166893005,200,5,200,default,naive-kmeans,40:60
20,26,0.5450000166893005,200,5,200,default,naive-kmeans,40:60
20,27,0.5450000166893005,200,5,200,default,naive-kmeans,40:60
20,28,0.5450000166893005,200,5,200,default,naive-kmeans,40:60
20,29,0.5450000166893005,200,5,200,default,naive-kmeans,40:60
20,30,0.5450000166893005,200,5,200,default,naive-kmeans,40:60
20,31,0.5450000166893005,200,5,200,default,naive-kmeans,40:60
20,32,0.5450000166893005,200,5,200,default,naive-kmeans,40:60
20,33,0.5450000166893005,200,5,200,default,naive-kmeans,40:60
20,34,0.5450000166893005,200,5,200,default,naive-kmeans,40:60
20,35,0.5450000166893005,200,5,200,default,naive-kmeans,40:60
20,36,0.5450000166893005,200,5,200,default,naive-kmeans,40:60
20,37,0.5450000166893005,200,5,200,default,naive-kmeans,40:60
20,38,0.5450000166893005,200,5,200,default,naive-kmeans,40:60
20,39,0.5450000166893005,200,5,200,default,naive-kmeans,40:60
20,40,0.5450000166893005,200,5,200,default,naive-kmeans,40:60
20,41,0.5450000166893005,200,5,200,default,naive-kmeans,40:60
20,42,0.5450000166893005,200,5,200,default,naive-kmeans,40:60
20,43,0.5450000166893005,200,5,200,default,naive-kmeans,40:60
20,44,0.5450000166893005,200,5,200,default,naive-kmeans,40:60
20,45,0.5450000166893005,200,5,200,default,naive-kmeans,40:60
20,46,0.5450000166893005,200,5,200,default,naive-kmeans,40:60
20,47,0.5450000166893005,200,5,200,default,naive-kmeans,40:60
20,48,0.5450000166893005,200,5,200,default,naive-kmeans,40:60
20,49,0.5450000166893005,200,5,200,default,naive-kmeans,40:60
20,50,0.5450000166893005,200,5,200,default,naive-kmeans,40:60
20,51,0.5450000166893005,200,5,200,default,naive-kmeans,40:60
20,52,0.5450000166893005,200,5,200,default,naive-kmeans,40:60
20,53,0.5450000166893005,200,5,200,default,naive-kmeans,40:60
20,54,0.5450000166893005,200,5,200,default,naive-kmeans,40:60
20,55,0.5450000166893005,200,5,200,default,naive-kmeans,40:60
20,56,0.5450000166893005,200,5,200,default,naive-kmeans,40:60
20,57,0.5450000166893005,200,5,200,default,naive-kmeans,40:60
20,58,0.5450000166893005,200,5,200,default,naive-kmeans,40:60
20,59,0.5450000166893005,200,5,200,default,naive-kmeans,40:60
20,60,0.5450000166893005,200,5,200,default,naive-kmeans,40:60
20,61,0.5450000166893005,200,5,200,default,naive-kmeans,40:60
20,62,0.5450000166893005,200,5,200,default,naive-kmeans,40:60
20,63,0.5450000166893005,200,5,200,default,naive-kmeans,40:60
20,64,0.5450000166893005,200,5,200,default,naive-kmeans,40:60
20,65,0.5450000166893005,200,5,200,default,naive-kmeans,40:60
20,66,0.5450000166893005,200,5,200,default,naive-kmeans,40:60
20,67,0.5450000166893005,200,5,200,default,naive-kmeans,40:60
20,68,0.5450000166893005,200,5,200,default,naive-kmeans,40:60
20,69,0.5450000166893005,200,5,200,default,naive-kmeans,40:60
20,70,0.5450000166893005,200,5,200,default,naive-kmeans,40:60
20,71,0.5450000166893005,200,5,200,default,naive-kmeans,40:60
20,72,0.5450000166893005,200,5,200,default,naive-kmeans,40:60
20,73,0.5450000166893005,200,5,200,default,naive-kmeans,40:60
20,74,0.5450000166893005,200,5,200,default,naive-kmeans,40:60
20,75,0.5450000166893005,200,5,200,default,naive-kmeans,40:60
20,76,0.5450000166893005,200,5,200,default,naive-kmeans,40:60
20,77,0.5450000166893005,200,5,200,default,naive-kmeans,40:60
20,78,0.5450000166893005,200,5,200,default,naive-kmeans,40:60
20,79,0.5450000166893005,200,5,200,default,naive-kmeans,40:60
20,80,0.5450000166893005,200,5,200,default,naive-kmeans,40:60
20,81,0.5450000166893005,200,5,200,default,naive-kmeans,40:60
20,82,0.5450000166893005,200,5,200,default,naive-kmeans,40:60
20,83,0.5450000166893005,200,5,200,default,naive-kmeans,40:60
20,84,0.5450000166893005,200,5,200,default,naive-kmeans,40:60
20,85,0.5450000166893005,200,5,200,default,naive-kmeans,40:60
20,86,0.5450000166893005,200,5,200,default,naive-kmeans,40:60
20,87,0.5450000166893005,200,5,200,default,naive-kmeans,40:60
20,88,0.5450000166893005,200,5,200,default,naive-kmeans,40:60
20,89,0.5450000166893005,200,5,200,default,naive-kmeans,40:60
20,90,0.5450000166893005,200,5,200,default,naive-kmeans,40:60
20,91,0.5450000166893005,200,5,200,default,naive-kmeans,40:60
20,92,0.5450000166893005,200,5,200,default,naive-kmeans,40:60
20,93,0.5450000166893005,200,5,200,default,naive-kmeans,40:60
20,94,0.5450000166893005,200,5,200,default,naive-kmeans,40:60
20,95,0.5450000166893005,200,5,200,default,naive-kmeans,40:60
20,96,0.5450000166893005,200,5,200,default,naive-kmeans,40:60
20,97,0.5450000166893005,200,5,200,default,naive-kmeans,40:60
20,98,0.5450000166893005,200,5,200,default,naive-kmeans,40:60
20,99,0.5450000166893005,200,5,200,default,naive-kmeans,40:60
21,0,0.5950000286102295,200,5,200,default,naive-kmeans,40:60
21,1,0.5799999833106995,200,5,200,default,naive-kmeans,40:60
21,2,0.6000000238418579,200,5,200,default,naive-kmeans,40:60
21,3,0.5849999785423279,200,5,200,default,naive-kmeans,40:60
21,4,0.6000000238418579,200,5,200,default,naive-kmeans,40:60
21,5,0.6000000238418579,200,5,200,default,naive-kmeans,40:60
21,6,0.6000000238418579,200,5,200,default,naive-kmeans,40:60
21,7,0.6000000238418579,200,5,200,default,naive-kmeans,40:60
21,8,0.6000000238418579,200,5,200,default,naive-kmeans,40:60
21,9,0.6000000238418579,200,5,200,default,naive-kmeans,40:60
21,10,0.6000000238418579,200,5,200,default,naive-kmeans,40:60
21,11,0.6000000238418579,200,5,200,default,naive-kmeans,40:60
21,12,0.6000000238418579,200,5,200,default,naive-kmeans,40:60
21,13,0.6000000238418579,200,5,200,default,naive-kmeans,40:60
21,14,0.6000000238418579,200,5,200,default,naive-kmeans,40:60
21,15,0.6000000238418579,200,5,200,default,naive-kmeans,40:60
21,16,0.6000000238418579,200,5,200,default,naive-kmeans,40:60
21,17,0.6000000238418579,200,5,200,default,naive-kmeans,40:60
21,18,0.6000000238418579,200,5,200,default,naive-kmeans,40:60
21,19,0.6000000238418579,200,5,200,default,naive-kmeans,40:60
21,20,0.6000000238418579,200,5,200,default,naive-kmeans,40:60
21,21,0.6000000238418579,200,5,200,default,naive-kmeans,40:60
21,22,0.6000000238418579,200,5,200,default,naive-kmeans,40:60
21,23,0.6000000238418579,200,5,200,default,naive-kmeans,40:60
21,24,0.6000000238418579,200,5,200,default,naive-kmeans,40:60
21,25,0.6000000238418579,200,5,200,default,naive-kmeans,40:60
21,26,0.6000000238418579,200,5,200,default,naive-kmeans,40:60
21,27,0.6000000238418579,200,5,200,default,naive-kmeans,40:60
21,28,0.6000000238418579,200,5,200,default,naive-kmeans,40:60
21,29,0.6000000238418579,200,5,200,default,naive-kmeans,40:60
21,30,0.6000000238418579,200,5,200,default,naive-kmeans,40:60
21,31,0.6000000238418579,200,5,200,default,naive-kmeans,40:60
21,32,0.6000000238418579,200,5,200,default,naive-kmeans,40:60
21,33,0.6000000238418579,200,5,200,default,naive-kmeans,40:60
21,34,0.6000000238418579,200,5,200,default,naive-kmeans,40:60
21,35,0.6000000238418579,200,5,200,default,naive-kmeans,40:60
21,36,0.6000000238418579,200,5,200,default,naive-kmeans,40:60
21,37,0.6000000238418579,200,5,200,default,naive-kmeans,40:60
21,38,0.6000000238418579,200,5,200,default,naive-kmeans,40:60
21,39,0.6000000238418579,200,5,200,default,naive-kmeans,40:60
21,40,0.6000000238418579,200,5,200,default,naive-kmeans,40:60
21,41,0.6000000238418579,200,5,200,default,naive-kmeans,40:60
21,42,0.6000000238418579,200,5,200,default,naive-kmeans,40:60
21,43,0.6000000238418579,200,5,200,default,naive-kmeans,40:60
21,44,0.6000000238418579,200,5,200,default,naive-kmeans,40:60
21,45,0.6000000238418579,200,5,200,default,naive-kmeans,40:60
21,46,0.6000000238418579,200,5,200,default,naive-kmeans,40:60
21,47,0.6000000238418579,200,5,200,default,naive-kmeans,40:60
21,48,0.6000000238418579,200,5,200,default,naive-kmeans,40:60
21,49,0.6000000238418579,200,5,200,default,naive-kmeans,40:60
21,50,0.6000000238418579,200,5,200,default,naive-kmeans,40:60
21,51,0.6000000238418579,200,5,200,default,naive-kmeans,40:60
21,52,0.6000000238418579,200,5,200,default,naive-kmeans,40:60
21,53,0.6000000238418579,200,5,200,default,naive-kmeans,40:60
21,54,0.6000000238418579,200,5,200,default,naive-kmeans,40:60
21,55,0.6000000238418579,200,5,200,default,naive-kmeans,40:60
21,56,0.6000000238418579,200,5,200,default,naive-kmeans,40:60
21,57,0.6000000238418579,200,5,200,default,naive-kmeans,40:60
21,58,0.6000000238418579,200,5,200,default,naive-kmeans,40:60
21,59,0.6000000238418579,200,5,200,default,naive-kmeans,40:60
21,60,0.6000000238418579,200,5,200,default,naive-kmeans,40:60
21,61,0.6000000238418579,200,5,200,default,naive-kmeans,40:60
21,62,0.6000000238418579,200,5,200,default,naive-kmeans,40:60
21,63,0.6000000238418579,200,5,200,default,naive-kmeans,40:60
21,64,0.6000000238418579,200,5,200,default,naive-kmeans,40:60
21,65,0.6000000238418579,200,5,200,default,naive-kmeans,40:60
21,66,0.6000000238418579,200,5,200,default,naive-kmeans,40:60
21,67,0.6000000238418579,200,5,200,default,naive-kmeans,40:60
21,68,0.6000000238418579,200,5,200,default,naive-kmeans,40:60
21,69,0.6000000238418579,200,5,200,default,naive-kmeans,40:60
21,70,0.6000000238418579,200,5,200,default,naive-kmeans,40:60
21,71,0.6000000238418579,200,5,200,default,naive-kmeans,40:60
21,72,0.6000000238418579,200,5,200,default,naive-kmeans,40:60
21,73,0.6000000238418579,200,5,200,default,naive-kmeans,40:60
21,74,0.6000000238418579,200,5,200,default,naive-kmeans,40:60
21,75,0.6000000238418579,200,5,200,default,naive-kmeans,40:60
21,76,0.6000000238418579,200,5,200,default,naive-kmeans,40:60
21,77,0.6000000238418579,200,5,200,default,naive-kmeans,40:60
21,78,0.6000000238418579,200,5,200,default,naive-kmeans,40:60
21,79,0.6000000238418579,200,5,200,default,naive-kmeans,40:60
21,80,0.6000000238418579,200,5,200,default,naive-kmeans,40:60
21,81,0.6000000238418579,200,5,200,default,naive-kmeans,40:60
21,82,0.6000000238418579,200,5,200,default,naive-kmeans,40:60
21,83,0.6000000238418579,200,5,200,default,naive-kmeans,40:60
21,84,0.6000000238418579,200,5,200,default,naive-kmeans,40:60
21,85,0.6000000238418579,200,5,200,default,naive-kmeans,40:60
21,86,0.6000000238418579,200,5,200,default,naive-kmeans,40:60
21,87,0.6000000238418579,200,5,200,default,naive-kmeans,40:60
21,88,0.6000000238418579,200,5,200,default,naive-kmeans,40:60
21,89,0.6000000238418579,200,5,200,default,naive-kmeans,40:60
21,90,0.6000000238418579,200,5,200,default,naive-kmeans,40:60
21,91,0.6000000238418579,200,5,200,default,naive-kmeans,40:60
21,92,0.6000000238418579,200,5,200,default,naive-kmeans,40:60
21,93,0.6000000238418579,200,5,200,default,naive-kmeans,40:60
21,94,0.6000000238418579,200,5,200,default,naive-kmeans,40:60
21,95,0.6000000238418579,200,5,200,default,naive-kmeans,40:60
21,96,0.6000000238418579,200,5,200,default,naive-kmeans,40:60
21,97,0.6000000238418579,200,5,200,default,naive-kmeans,40:60
21,98,0.6000000238418579,200,5,200,default,naive-kmeans,40:60
21,99,0.6000000238418579,200,5,200,default,naive-kmeans,40:60
22,0,0.5950000286102295,200,5,200,default,naive-kmeans,40:60
22,1,0.5950000286102295,200,5,200,default,naive-kmeans,40:60
22,2,0.6100000143051147,200,5,200,default,naive-kmeans,40:60
22,3,0.6000000238418579,200,5,200,default,naive-kmeans,40:60
22,4,0.6050000190734863,200,5,200,default,naive-kmeans,40:60
22,5,0.5849999785423279,200,5,200,default,naive-kmeans,40:60
22,6,0.6100000143051147,200,5,200,default,naive-kmeans,40:60
22,7,0.6100000143051147,200,5,200,default,naive-kmeans,40:60
22,8,0.6100000143051147,200,5,200,default,naive-kmeans,40:60
22,9,0.6100000143051147,200,5,200,default,naive-kmeans,40:60
22,10,0.6100000143051147,200,5,200,default,naive-kmeans,40:60
22,11,0.6100000143051147,200,5,200,default,naive-kmeans,40:60
22,12,0.6100000143051147,200,5,200,default,naive-kmeans,40:60
22,13,0.6100000143051147,200,5,200,default,naive-kmeans,40:60
22,14,0.6100000143051147,200,5,200,default,naive-kmeans,40:60
22,15,0.6100000143051147,200,5,200,default,naive-kmeans,40:60
22,16,0.6100000143051147,200,5,200,default,naive-kmeans,40:60
22,17,0.6100000143051147,200,5,200,default,naive-kmeans,40:60
22,18,0.6100000143051147,200,5,200,default,naive-kmeans,40:60
22,19,0.6100000143051147,200,5,200,default,naive-kmeans,40:60
22,20,0.6100000143051147,200,5,200,default,naive-kmeans,40:60
22,21,0.6100000143051147,200,5,200,default,naive-kmeans,40:60
22,22,0.6100000143051147,200,5,200,default,naive-kmeans,40:60
22,23,0.6100000143051147,200,5,200,default,naive-kmeans,40:60
22,24,0.6100000143051147,200,5,200,default,naive-kmeans,40:60
22,25,0.6100000143051147,200,5,200,default,naive-kmeans,40:60
22,26,0.6100000143051147,200,5,200,default,naive-kmeans,40:60
22,27,0.6100000143051147,200,5,200,default,naive-kmeans,40:60
22,28,0.6100000143051147,200,5,200,default,naive-kmeans,40:60
22,29,0.6100000143051147,200,5,200,default,naive-kmeans,40:60
22,30,0.6100000143051147,200,5,200,default,naive-kmeans,40:60
22,31,0.6100000143051147,200,5,200,default,naive-kmeans,40:60
22,32,0.6100000143051147,200,5,200,default,naive-kmeans,40:60
22,33,0.6100000143051147,200,5,200,default,naive-kmeans,40:60
22,34,0.6100000143051147,200,5,200,default,naive-kmeans,40:60
22,35,0.6100000143051147,200,5,200,default,naive-kmeans,40:60
22,36,0.6100000143051147,200,5,200,default,naive-kmeans,40:60
22,37,0.6100000143051147,200,5,200,default,naive-kmeans,40:60
22,38,0.6100000143051147,200,5,200,default,naive-kmeans,40:60
22,39,0.6100000143051147,200,5,200,default,naive-kmeans,40:60
22,40,0.6100000143051147,200,5,200,default,naive-kmeans,40:60
22,41,0.6100000143051147,200,5,200,default,naive-kmeans,40:60
22,42,0.6100000143051147,200,5,200,default,naive-kmeans,40:60
22,43,0.6100000143051147,200,5,200,default,naive-kmeans,40:60
22,44,0.6100000143051147,200,5,200,default,naive-kmeans,40:60
22,45,0.6100000143051147,200,5,200,default,naive-kmeans,40:60
22,46,0.6100000143051147,200,5,200,default,naive-kmeans,40:60
22,47,0.6100000143051147,200,5,200,default,naive-kmeans,40:60
22,48,0.6100000143051147,200,5,200,default,naive-kmeans,40:60
22,49,0.6100000143051147,200,5,200,default,naive-kmeans,40:60
22,50,0.6100000143051147,200,5,200,default,naive-kmeans,40:60
22,51,0.6100000143051147,200,5,200,default,naive-kmeans,40:60
22,52,0.6100000143051147,200,5,200,default,naive-kmeans,40:60
22,53,0.6100000143051147,200,5,200,default,naive-kmeans,40:60
22,54,0.6100000143051147,200,5,200,default,naive-kmeans,40:60
22,55,0.6100000143051147,200,5,200,default,naive-kmeans,40:60
22,56,0.6100000143051147,200,5,200,default,naive-kmeans,40:60
22,57,0.6100000143051147,200,5,200,default,naive-kmeans,40:60
22,58,0.6100000143051147,200,5,200,default,naive-kmeans,40:60
22,59,0.6100000143051147,200,5,200,default,naive-kmeans,40:60
22,60,0.6100000143051147,200,5,200,default,naive-kmeans,40:60
22,61,0.6100000143051147,200,5,200,default,naive-kmeans,40:60
22,62,0.6100000143051147,200,5,200,default,naive-kmeans,40:60
22,63,0.6100000143051147,200,5,200,default,naive-kmeans,40:60
22,64,0.6100000143051147,200,5,200,default,naive-kmeans,40:60
22,65,0.6100000143051147,200,5,200,default,naive-kmeans,40:60
22,66,0.6100000143051147,200,5,200,default,naive-kmeans,40:60
22,67,0.6100000143051147,200,5,200,default,naive-kmeans,40:60
22,68,0.6100000143051147,200,5,200,default,naive-kmeans,40:60
22,69,0.6100000143051147,200,5,200,default,naive-kmeans,40:60
22,70,0.6100000143051147,200,5,200,default,naive-kmeans,40:60
22,71,0.6100000143051147,200,5,200,default,naive-kmeans,40:60
22,72,0.6100000143051147,200,5,200,default,naive-kmeans,40:60
22,73,0.6100000143051147,200,5,200,default,naive-kmeans,40:60
22,74,0.6100000143051147,200,5,200,default,naive-kmeans,40:60
22,75,0.6100000143051147,200,5,200,default,naive-kmeans,40:60
22,76,0.6100000143051147,200,5,200,default,naive-kmeans,40:60
22,77,0.6100000143051147,200,5,200,default,naive-kmeans,40:60
22,78,0.6100000143051147,200,5,200,default,naive-kmeans,40:60
22,79,0.6100000143051147,200,5,200,default,naive-kmeans,40:60
22,80,0.6100000143051147,200,5,200,default,naive-kmeans,40:60
22,81,0.6100000143051147,200,5,200,default,naive-kmeans,40:60
22,82,0.6100000143051147,200,5,200,default,naive-kmeans,40:60
22,83,0.6100000143051147,200,5,200,default,naive-kmeans,40:60
22,84,0.6100000143051147,200,5,200,default,naive-kmeans,40:60
22,85,0.6100000143051147,200,5,200,default,naive-kmeans,40:60
22,86,0.6100000143051147,200,5,200,default,naive-kmeans,40:60
22,87,0.6100000143051147,200,5,200,default,naive-kmeans,40:60
22,88,0.6100000143051147,200,5,200,default,naive-kmeans,40:60
22,89,0.6100000143051147,200,5,200,default,naive-kmeans,40:60
22,90,0.6100000143051147,200,5,200,default,naive-kmeans,40:60
22,91,0.6100000143051147,200,5,200,default,naive-kmeans,40:60
22,92,0.6100000143051147,200,5,200,default,naive-kmeans,40:60
22,93,0.6100000143051147,200,5,200,default,naive-kmeans,40:60
22,94,0.6100000143051147,200,5,200,default,naive-kmeans,40:60
22,95,0.6100000143051147,200,5,200,default,naive-kmeans,40:60
22,96,0.6100000143051147,200,5,200,default,naive-kmeans,40:60
22,97,0.6100000143051147,200,5,200,default,naive-kmeans,40:60
22,98,0.6100000143051147,200,5,200,default,naive-kmeans,40:60
22,99,0.6100000143051147,200,5,200,default,naive-kmeans,40:60
23,0,0.5899999737739563,200,5,200,default,naive-kmeans,40:60
23,1,0.5799999833106995,200,5,200,default,naive-kmeans,40:60
23,2,0.5849999785423279,200,5,200,default,naive-kmeans,40:60
23,3,0.5049999952316284,200,5,200,default,naive-kmeans,40:60
23,4,0.5699999928474426,200,5,200,default,naive-kmeans,40:60
23,5,0.5550000071525574,200,5,200,default,naive-kmeans,40:60
23,6,0.5400000214576721,200,5,200,default,naive-kmeans,40:60
23,7,0.5799999833106995,200,5,200,default,naive-kmeans,40:60
23,8,0.5899999737739563,200,5,200,default,naive-kmeans,40:60
23,9,0.5899999737739563,200,5,200,default,naive-kmeans,40:60
23,10,0.5899999737739563,200,5,200,default,naive-kmeans,40:60
23,11,0.5899999737739563,200,5,200,default,naive-kmeans,40:60
23,12,0.5899999737739563,200,5,200,default,naive-kmeans,40:60
23,13,0.5899999737739563,200,5,200,default,naive-kmeans,40:60
23,14,0.5899999737739563,200,5,200,default,naive-kmeans,40:60
23,15,0.5899999737739563,200,5,200,default,naive-kmeans,40:60
23,16,0.5899999737739563,200,5,200,default,naive-kmeans,40:60
23,17,0.5899999737739563,200,5,200,default,naive-kmeans,40:60
23,18,0.5899999737739563,200,5,200,default,naive-kmeans,40:60
23,19,0.5899999737739563,200,5,200,default,naive-kmeans,40:60
23,20,0.5899999737739563,200,5,200,default,naive-kmeans,40:60
23,21,0.5899999737739563,200,5,200,default,naive-kmeans,40:60
23,22,0.5899999737739563,200,5,200,default,naive-kmeans,40:60
23,23,0.5899999737739563,200,5,200,default,naive-kmeans,40:60
23,24,0.5899999737739563,200,5,200,default,naive-kmeans,40:60
23,25,0.5899999737739563,200,5,200,default,naive-kmeans,40:60
23,26,0.5899999737739563,200,5,200,default,naive-kmeans,40:60
23,27,0.5899999737739563,200,5,200,default,naive-kmeans,40:60
23,28,0.5899999737739563,200,5,200,default,naive-kmeans,40:60
23,29,0.5899999737739563,200,5,200,default,naive-kmeans,40:60
23,30,0.5899999737739563,200,5,200,default,naive-kmeans,40:60
23,31,0.5899999737739563,200,5,200,default,naive-kmeans,40:60
23,32,0.5899999737739563,200,5,200,default,naive-kmeans,40:60
23,33,0.5899999737739563,200,5,200,default,naive-kmeans,40:60
23,34,0.5899999737739563,200,5,200,default,naive-kmeans,40:60
23,35,0.5899999737739563,200,5,200,default,naive-kmeans,40:60
23,36,0.5899999737739563,200,5,200,default,naive-kmeans,40:60
23,37,0.5899999737739563,200,5,200,default,naive-kmeans,40:60
23,38,0.5899999737739563,200,5,200,default,naive-kmeans,40:60
23,39,0.5899999737739563,200,5,200,default,naive-kmeans,40:60
23,40,0.5899999737739563,200,5,200,default,naive-kmeans,40:60
23,41,0.5899999737739563,200,5,200,default,naive-kmeans,40:60
23,42,0.5899999737739563,200,5,200,default,naive-kmeans,40:60
23,43,0.5899999737739563,200,5,200,default,naive-kmeans,40:60
23,44,0.5899999737739563,200,5,200,default,naive-kmeans,40:60
23,45,0.5899999737739563,200,5,200,default,naive-kmeans,40:60
23,46,0.5899999737739563,200,5,200,default,naive-kmeans,40:60
23,47,0.5899999737739563,200,5,200,default,naive-kmeans,40:60
23,48,0.5899999737739563,200,5,200,default,naive-kmeans,40:60
23,49,0.5899999737739563,200,5,200,default,naive-kmeans,40:60
23,50,0.5899999737739563,200,5,200,default,naive-kmeans,40:60
23,51,0.5899999737739563,200,5,200,default,naive-kmeans,40:60
23,52,0.5899999737739563,200,5,200,default,naive-kmeans,40:60
23,53,0.5899999737739563,200,5,200,default,naive-kmeans,40:60
23,54,0.5899999737739563,200,5,200,default,naive-kmeans,40:60
23,55,0.5899999737739563,200,5,200,default,naive-kmeans,40:60
23,56,0.5899999737739563,200,5,200,default,naive-kmeans,40:60
23,57,0.5899999737739563,200,5,200,default,naive-kmeans,40:60
23,58,0.5899999737739563,200,5,200,default,naive-kmeans,40:60
23,59,0.5899999737739563,200,5,200,default,naive-kmeans,40:60
23,60,0.5899999737739563,200,5,200,default,naive-kmeans,40:60
23,61,0.5899999737739563,200,5,200,default,naive-kmeans,40:60
23,62,0.5899999737739563,200,5,200,default,naive-kmeans,40:60
23,63,0.5899999737739563,200,5,200,default,naive-kmeans,40:60
23,64,0.5899999737739563,200,5,200,default,naive-kmeans,40:60
23,65,0.5899999737739563,200,5,200,default,naive-kmeans,40:60
23,66,0.5899999737739563,200,5,200,default,naive-kmeans,40:60
23,67,0.5899999737739563,200,5,200,default,naive-kmeans,40:60
23,68,0.5899999737739563,200,5,200,default,naive-kmeans,40:60
23,69,0.5899999737739563,200,5,200,default,naive-kmeans,40:60
23,70,0.5899999737739563,200,5,200,default,naive-kmeans,40:60
23,71,0.5899999737739563,200,5,200,default,naive-kmeans,40:60
23,72,0.5899999737739563,200,5,200,default,naive-kmeans,40:60
23,73,0.5899999737739563,200,5,200,default,naive-kmeans,40:60
23,74,0.5899999737739563,200,5,200,default,naive-kmeans,40:60
23,75,0.5899999737739563,200,5,200,default,naive-kmeans,40:60
23,76,0.5899999737739563,200,5,200,default,naive-kmeans,40:60
23,77,0.5899999737739563,200,5,200,default,naive-kmeans,40:60
23,78,0.5899999737739563,200,5,200,default,naive-kmeans,40:60
23,79,0.5899999737739563,200,5,200,default,naive-kmeans,40:60
23,80,0.5899999737739563,200,5,200,default,naive-kmeans,40:60
23,81,0.5899999737739563,200,5,200,default,naive-kmeans,40:60
23,82,0.5899999737739563,200,5,200,default,naive-kmeans,40:60
23,83,0.5899999737739563,200,5,200,default,naive-kmeans,40:60
23,84,0.5899999737739563,200,5,200,default,naive-kmeans,40:60
23,85,0.5899999737739563,200,5,200,default,naive-kmeans,40:60
23,86,0.5899999737739563,200,5,200,default,naive-kmeans,40:60
23,87,0.5899999737739563,200,5,200,default,naive-kmeans,40:60
23,88,0.5899999737739563,200,5,200,default,naive-kmeans,40:60
23,89,0.5899999737739563,200,5,200,default,naive-kmeans,40:60
23,90,0.5899999737739563,200,5,200,default,naive-kmeans,40:60
23,91,0.5899999737739563,200,5,200,default,naive-kmeans,40:60
23,92,0.5899999737739563,200,5,200,default,naive-kmeans,40:60
23,93,0.5899999737739563,200,5,200,default,naive-kmeans,40:60
23,94,0.5899999737739563,200,5,200,default,naive-kmeans,40:60
23,95,0.5899999737739563,200,5,200,default,naive-kmeans,40:60
23,96,0.5899999737739563,200,5,200,default,naive-kmeans,40:60
23,97,0.5899999737739563,200,5,200,default,naive-kmeans,40:60
23,98,0.5899999737739563,200,5,200,default,naive-kmeans,40:60
23,99,0.5899999737739563,200,5,200,default,naive-kmeans,40:60
24,0,0.47999998927116394,200,5,200,default,naive-kmeans,40:60
24,1,0.5450000166893005,200,5,200,default,naive-kmeans,40:60
24,2,0.5649999976158142,200,5,200,default,naive-kmeans,40:60
24,3,0.5699999928474426,200,5,200,default,naive-kmeans,40:60
24,4,0.5,200,5,200,default,naive-kmeans,40:60
24,5,0.5199999809265137,200,5,200,default,naive-kmeans,40:60
24,6,0.5649999976158142,200,5,200,default,naive-kmeans,40:60
24,7,0.5699999928474426,200,5,200,default,naive-kmeans,40:60
24,8,0.5699999928474426,200,5,200,default,naive-kmeans,40:60
24,9,0.5699999928474426,200,5,200,default,naive-kmeans,40:60
24,10,0.5699999928474426,200,5,200,default,naive-kmeans,40:60
24,11,0.5699999928474426,200,5,200,default,naive-kmeans,40:60
24,12,0.5699999928474426,200,5,200,default,naive-kmeans,40:60
24,13,0.5699999928474426,200,5,200,default,naive-kmeans,40:60
24,14,0.5699999928474426,200,5,200,default,naive-kmeans,40:60
24,15,0.5699999928474426,200,5,200,default,naive-kmeans,40:60
24,16,0.5699999928474426,200,5,200,default,naive-kmeans,40:60
24,17,0.5699999928474426,200,5,200,default,naive-kmeans,40:60
24,18,0.5699999928474426,200,5,200,default,naive-kmeans,40:60
24,19,0.5699999928474426,200,5,200,default,naive-kmeans,40:60
24,20,0.5699999928474426,200,5,200,default,naive-kmeans,40:60
24,21,0.5699999928474426,200,5,200,default,naive-kmeans,40:60
24,22,0.5699999928474426,200,5,200,default,naive-kmeans,40:60
24,23,0.5699999928474426,200,5,200,default,naive-kmeans,40:60
24,24,0.5699999928474426,200,5,200,default,naive-kmeans,40:60
24,25,0.5699999928474426,200,5,200,default,naive-kmeans,40:60
24,26,0.5699999928474426,200,5,200,default,naive-kmeans,40:60
24,27,0.5699999928474426,200,5,200,default,naive-kmeans,40:60
24,28,0.5699999928474426,200,5,200,default,naive-kmeans,40:60
24,29,0.5699999928474426,200,5,200,default,naive-kmeans,40:60
24,30,0.5699999928474426,200,5,200,default,naive-kmeans,40:60
24,31,0.5699999928474426,200,5,200,default,naive-kmeans,40:60
24,32,0.5699999928474426,200,5,200,default,naive-kmeans,40:60
24,33,0.5699999928474426,200,5,200,default,naive-kmeans,40:60
24,34,0.5699999928474426,200,5,200,default,naive-kmeans,40:60
24,35,0.5699999928474426,200,5,200,default,naive-kmeans,40:60
24,36,0.5699999928474426,200,5,200,default,naive-kmeans,40:60
24,37,0.5699999928474426,200,5,200,default,naive-kmeans,40:60
24,38,0.5699999928474426,200,5,200,default,naive-kmeans,40:60
24,39,0.5699999928474426,200,5,200,default,naive-kmeans,40:60
24,40,0.5699999928474426,200,5,200,default,naive-kmeans,40:60
24,41,0.5699999928474426,200,5,200,default,naive-kmeans,40:60
24,42,0.5699999928474426,200,5,200,default,naive-kmeans,40:60
24,43,0.5699999928474426,200,5,200,default,naive-kmeans,40:60
24,44,0.5699999928474426,200,5,200,default,naive-kmeans,40:60
24,45,0.5699999928474426,200,5,200,default,naive-kmeans,40:60
24,46,0.5699999928474426,200,5,200,default,naive-kmeans,40:60
24,47,0.5699999928474426,200,5,200,default,naive-kmeans,40:60
24,48,0.5699999928474426,200,5,200,default,naive-kmeans,40:60
24,49,0.5699999928474426,200,5,200,default,naive-kmeans,40:60
24,50,0.5699999928474426,200,5,200,default,naive-kmeans,40:60
24,51,0.5699999928474426,200,5,200,default,naive-kmeans,40:60
24,52,0.5699999928474426,200,5,200,default,naive-kmeans,40:60
24,53,0.5699999928474426,200,5,200,default,naive-kmeans,40:60
24,54,0.5699999928474426,200,5,200,default,naive-kmeans,40:60
24,55,0.5699999928474426,200,5,200,default,naive-kmeans,40:60
24,56,0.5699999928474426,200,5,200,default,naive-kmeans,40:60
24,57,0.5699999928474426,200,5,200,default,naive-kmeans,40:60
24,58,0.5699999928474426,200,5,200,default,naive-kmeans,40:60
24,59,0.5699999928474426,200,5,200,default,naive-kmeans,40:60
24,60,0.5699999928474426,200,5,200,default,naive-kmeans,40:60
24,61,0.5699999928474426,200,5,200,default,naive-kmeans,40:60
24,62,0.5699999928474426,200,5,200,default,naive-kmeans,40:60
24,63,0.5699999928474426,200,5,200,default,naive-kmeans,40:60
24,64,0.5699999928474426,200,5,200,default,naive-kmeans,40:60
24,65,0.5699999928474426,200,5,200,default,naive-kmeans,40:60
24,66,0.5699999928474426,200,5,200,default,naive-kmeans,40:60
24,67,0.5699999928474426,200,5,200,default,naive-kmeans,40:60
24,68,0.5699999928474426,200,5,200,default,naive-kmeans,40:60
24,69,0.5699999928474426,200,5,200,default,naive-kmeans,40:60
24,70,0.5699999928474426,200,5,200,default,naive-kmeans,40:60
24,71,0.5699999928474426,200,5,200,default,naive-kmeans,40:60
24,72,0.5699999928474426,200,5,200,default,naive-kmeans,40:60
24,73,0.5699999928474426,200,5,200,default,naive-kmeans,40:60
24,74,0.5699999928474426,200,5,200,default,naive-kmeans,40:60
24,75,0.5699999928474426,200,5,200,default,naive-kmeans,40:60
24,76,0.5699999928474426,200,5,200,default,naive-kmeans,40:60
24,77,0.5699999928474426,200,5,200,default,naive-kmeans,40:60
24,78,0.5699999928474426,200,5,200,default,naive-kmeans,40:60
24,79,0.5699999928474426,200,5,200,default,naive-kmeans,40:60
24,80,0.5699999928474426,200,5,200,default,naive-kmeans,40:60
24,81,0.5699999928474426,200,5,200,default,naive-kmeans,40:60
24,82,0.5699999928474426,200,5,200,default,naive-kmeans,40:60
24,83,0.5699999928474426,200,5,200,default,naive-kmeans,40:60
24,84,0.5699999928474426,200,5,200,default,naive-kmeans,40:60
24,85,0.5699999928474426,200,5,200,default,naive-kmeans,40:60
24,86,0.5699999928474426,200,5,200,default,naive-kmeans,40:60
24,87,0.5699999928474426,200,5,200,default,naive-kmeans,40:60
24,88,0.5699999928474426,200,5,200,default,naive-kmeans,40:60
24,89,0.5699999928474426,200,5,200,default,naive-kmeans,40:60
24,90,0.5699999928474426,200,5,200,default,naive-kmeans,40:60
24,91,0.5699999928474426,200,5,200,default,naive-kmeans,40:60
24,92,0.5699999928474426,200,5,200,default,naive-kmeans,40:60
24,93,0.5699999928474426,200,5,200,default,naive-kmeans,40:60
24,94,0.5699999928474426,200,5,200,default,naive-kmeans,40:60
24,95,0.5699999928474426,200,5,200,default,naive-kmeans,40:60
24,96,0.5699999928474426,200,5,200,default,naive-kmeans,40:60
24,97,0.5699999928474426,200,5,200,default,naive-kmeans,40:60
24,98,0.5699999928474426,200,5,200,default,naive-kmeans,40:60
24,99,0.5699999928474426,200,5,200,default,naive-kmeans,40:60
25,0,0.4300000071525574,200,5,200,default,naive-kmeans,40:60
25,1,0.550000011920929,200,5,200,default,naive-kmeans,40:60
25,2,0.550000011920929,200,5,200,default,naive-kmeans,40:60
25,3,0.5649999976158142,200,5,200,default,naive-kmeans,40:60
25,4,0.550000011920929,200,5,200,default,naive-kmeans,40:60
25,5,0.550000011920929,200,5,200,default,naive-kmeans,40:60
25,6,0.550000011920929,200,5,200,default,naive-kmeans,40:60
25,7,0.5649999976158142,200,5,200,default,naive-kmeans,40:60
25,8,0.5649999976158142,200,5,200,default,naive-kmeans,40:60
25,9,0.5649999976158142,200,5,200,default,naive-kmeans,40:60
25,10,0.5649999976158142,200,5,200,default,naive-kmeans,40:60
25,11,0.5649999976158142,200,5,200,default,naive-kmeans,40:60
25,12,0.5649999976158142,200,5,200,default,naive-kmeans,40:60
25,13,0.5649999976158142,200,5,200,default,naive-kmeans,40:60
25,14,0.5649999976158142,200,5,200,default,naive-kmeans,40:60
25,15,0.5649999976158142,200,5,200,default,naive-kmeans,40:60
25,16,0.5649999976158142,200,5,200,default,naive-kmeans,40:60
25,17,0.5649999976158142,200,5,200,default,naive-kmeans,40:60
25,18,0.5649999976158142,200,5,200,default,naive-kmeans,40:60
25,19,0.5649999976158142,200,5,200,default,naive-kmeans,40:60
25,20,0.5649999976158142,200,5,200,default,naive-kmeans,40:60
25,21,0.5649999976158142,200,5,200,default,naive-kmeans,40:60
25,22,0.5649999976158142,200,5,200,default,naive-kmeans,40:60
25,23,0.5649999976158142,200,5,200,default,naive-kmeans,40:60
25,24,0.5649999976158142,200,5,200,default,naive-kmeans,40:60
25,25,0.5649999976158142,200,5,200,default,naive-kmeans,40:60
25,26,0.5649999976158142,200,5,200,default,naive-kmeans,40:60
25,27,0.5649999976158142,200,5,200,default,naive-kmeans,40:60
25,28,0.5649999976158142,200,5,200,default,naive-kmeans,40:60
25,29,0.5649999976158142,200,5,200,default,naive-kmeans,40:60
25,30,0.5649999976158142,200,5,200,default,naive-kmeans,40:60
25,31,0.5649999976158142,200,5,200,default,naive-kmeans,40:60
25,32,0.5649999976158142,200,5,200,default,naive-kmeans,40:60
25,33,0.5649999976158142,200,5,200,default,naive-kmeans,40:60
25,34,0.5649999976158142,200,5,200,default,naive-kmeans,40:60
25,35,0.5649999976158142,200,5,200,default,naive-kmeans,40:60
25,36,0.5649999976158142,200,5,200,default,naive-kmeans,40:60
25,37,0.5649999976158142,200,5,200,default,naive-kmeans,40:60
25,38,0.5649999976158142,200,5,200,default,naive-kmeans,40:60
25,39,0.5649999976158142,200,5,200,default,naive-kmeans,40:60
25,40,0.5649999976158142,200,5,200,default,naive-kmeans,40:60
25,41,0.5649999976158142,200,5,200,default,naive-kmeans,40:60
25,42,0.5649999976158142,200,5,200,default,naive-kmeans,40:60
25,43,0.5649999976158142,200,5,200,default,naive-kmeans,40:60
25,44,0.5649999976158142,200,5,200,default,naive-kmeans,40:60
25,45,0.5649999976158142,200,5,200,default,naive-kmeans,40:60
25,46,0.5649999976158142,200,5,200,default,naive-kmeans,40:60
25,47,0.5649999976158142,200,5,200,default,naive-kmeans,40:60
25,48,0.5649999976158142,200,5,200,default,naive-kmeans,40:60
25,49,0.5649999976158142,200,5,200,default,naive-kmeans,40:60
25,50,0.5649999976158142,200,5,200,default,naive-kmeans,40:60
25,51,0.5649999976158142,200,5,200,default,naive-kmeans,40:60
25,52,0.5649999976158142,200,5,200,default,naive-kmeans,40:60
25,53,0.5649999976158142,200,5,200,default,naive-kmeans,40:60
25,54,0.5649999976158142,200,5,200,default,naive-kmeans,40:60
25,55,0.5649999976158142,200,5,200,default,naive-kmeans,40:60
25,56,0.5649999976158142,200,5,200,default,naive-kmeans,40:60
25,57,0.5649999976158142,200,5,200,default,naive-kmeans,40:60
25,58,0.5649999976158142,200,5,200,default,naive-kmeans,40:60
25,59,0.5649999976158142,200,5,200,default,naive-kmeans,40:60
25,60,0.5649999976158142,200,5,200,default,naive-kmeans,40:60
25,61,0.5649999976158142,200,5,200,default,naive-kmeans,40:60
25,62,0.5649999976158142,200,5,200,default,naive-kmeans,40:60
25,63,0.5649999976158142,200,5,200,default,naive-kmeans,40:60
25,64,0.5649999976158142,200,5,200,default,naive-kmeans,40:60
25,65,0.5649999976158142,200,5,200,default,naive-kmeans,40:60
25,66,0.5649999976158142,200,5,200,default,naive-kmeans,40:60
25,67,0.5649999976158142,200,5,200,default,naive-kmeans,40:60
25,68,0.5649999976158142,200,5,200,default,naive-kmeans,40:60
25,69,0.5649999976158142,200,5,200,default,naive-kmeans,40:60
25,70,0.5649999976158142,200,5,200,default,naive-kmeans,40:60
25,71,0.5649999976158142,200,5,200,default,naive-kmeans,40:60
25,72,0.5649999976158142,200,5,200,default,naive-kmeans,40:60
25,73,0.5649999976158142,200,5,200,default,naive-kmeans,40:60
25,74,0.5649999976158142,200,5,200,default,naive-kmeans,40:60
25,75,0.5649999976158142,200,5,200,default,naive-kmeans,40:60
25,76,0.5649999976158142,200,5,200,default,naive-kmeans,40:60
25,77,0.5649999976158142,200,5,200,default,naive-kmeans,40:60
25,78,0.5649999976158142,200,5,200,default,naive-kmeans,40:60
25,79,0.5649999976158142,200,5,200,default,naive-kmeans,40:60
25,80,0.5649999976158142,200,5,200,default,naive-kmeans,40:60
25,81,0.5649999976158142,200,5,200,default,naive-kmeans,40:60
25,82,0.5649999976158142,200,5,200,default,naive-kmeans,40:60
25,83,0.5649999976158142,200,5,200,default,naive-kmeans,40:60
25,84,0.5649999976158142,200,5,200,default,naive-kmeans,40:60
25,85,0.5649999976158142,200,5,200,default,naive-kmeans,40:60
25,86,0.5649999976158142,200,5,200,default,naive-kmeans,40:60
25,87,0.5649999976158142,200,5,200,default,naive-kmeans,40:60
25,88,0.5649999976158142,200,5,200,default,naive-kmeans,40:60
25,89,0.5649999976158142,200,5,200,default,naive-kmeans,40:60
25,90,0.5649999976158142,200,5,200,default,naive-kmeans,40:60
25,91,0.5649999976158142,200,5,200,default,naive-kmeans,40:60
25,92,0.5649999976158142,200,5,200,default,naive-kmeans,40:60
25,93,0.5649999976158142,200,5,200,default,naive-kmeans,40:60
25,94,0.5649999976158142,200,5,200,default,naive-kmeans,40:60
25,95,0.5649999976158142,200,5,200,default,naive-kmeans,40:60
25,96,0.5649999976158142,200,5,200,default,naive-kmeans,40:60
25,97,0.5649999976158142,200,5,200,default,naive-kmeans,40:60
25,98,0.5649999976158142,200,5,200,default,naive-kmeans,40:60
25,99,0.5649999976158142,200,5,200,default,naive-kmeans,40:60
26,0,0.5350000262260437,200,5,200,default,naive-kmeans,40:60
26,1,0.5699999928474426,200,5,200,default,naive-kmeans,40:60
26,2,0.550000011920929,200,5,200,default,naive-kmeans,40:60
26,3,0.5400000214576721,200,5,200,default,naive-kmeans,40:60
26,4,0.5550000071525574,200,5,200,default,naive-kmeans,40:60
26,5,0.550000011920929,200,5,200,default,naive-kmeans,40:60
26,6,0.5600000023841858,200,5,200,default,naive-kmeans,40:60
26,7,0.5649999976158142,200,5,200,default,naive-kmeans,40:60
26,8,0.5550000071525574,200,5,200,default,naive-kmeans,40:60
26,9,0.550000011920929,200,5,200,default,naive-kmeans,40:60
26,10,0.45500001311302185,200,5,200,default,naive-kmeans,40:60
26,11,0.5400000214576721,200,5,200,default,naive-kmeans,40:60
26,12,0.5199999809265137,200,5,200,default,naive-kmeans,40:60
26,13,0.5649999976158142,200,5,200,default,naive-kmeans,40:60
26,14,0.5649999976158142,200,5,200,default,naive-kmeans,40:60
26,15,0.5699999928474426,200,5,200,default,naive-kmeans,40:60
26,16,0.5550000071525574,200,5,200,default,naive-kmeans,40:60
26,17,0.5550000071525574,200,5,200,default,naive-kmeans,40:60
26,18,0.5600000023841858,200,5,200,default,naive-kmeans,40:60
26,19,0.5450000166893005,200,5,200,default,naive-kmeans,40:60
26,20,0.5699999928474426,200,5,200,default,naive-kmeans,40:60
26,21,0.5699999928474426,200,5,200,default,naive-kmeans,40:60
26,22,0.5699999928474426,200,5,200,default,naive-kmeans,40:60
26,23,0.5699999928474426,200,5,200,default,naive-kmeans,40:60
26,24,0.5699999928474426,200,5,200,default,naive-kmeans,40:60
26,25,0.5699999928474426,200,5,200,default,naive-kmeans,40:60
26,26,0.5699999928474426,200,5,200,default,naive-kmeans,40:60
26,27,0.5699999928474426,200,5,200,default,naive-kmeans,40:60
26,28,0.5699999928474426,200,5,200,default,naive-kmeans,40:60
26,29,0.5699999928474426,200,5,200,default,naive-kmeans,40:60
26,30,0.5699999928474426,200,5,200,default,naive-kmeans,40:60
26,31,0.5699999928474426,200,5,200,default,naive-kmeans,40:60
26,32,0.5699999928474426,200,5,200,default,naive-kmeans,40:60
26,33,0.5699999928474426,200,5,200,default,naive-kmeans,40:60
26,34,0.5699999928474426,200,5,200,default,naive-kmeans,40:60
26,35,0.5699999928474426,200,5,200,default,naive-kmeans,40:60
26,36,0.5699999928474426,200,5,200,default,naive-kmeans,40:60
26,37,0.5699999928474426,200,5,200,default,naive-kmeans,40:60
26,38,0.5699999928474426,200,5,200,default,naive-kmeans,40:60
26,39,0.5699999928474426,200,5,200,default,naive-kmeans,40:60
26,40,0.5699999928474426,200,5,200,default,naive-kmeans,40:60
26,41,0.5699999928474426,200,5,200,default,naive-kmeans,40:60
26,42,0.5699999928474426,200,5,200,default,naive-kmeans,40:60
26,43,0.5699999928474426,200,5,200,default,naive-kmeans,40:60
26,44,0.5699999928474426,200,5,200,default,naive-kmeans,40:60
26,45,0.5699999928474426,200,5,200,default,naive-kmeans,40:60
26,46,0.5699999928474426,200,5,200,default,naive-kmeans,40:60
26,47,0.5699999928474426,200,5,200,default,naive-kmeans,40:60
26,48,0.5699999928474426,200,5,200,default,naive-kmeans,40:60
26,49,0.5699999928474426,200,5,200,default,naive-kmeans,40:60
26,50,0.5699999928474426,200,5,200,default,naive-kmeans,40:60
26,51,0.5699999928474426,200,5,200,default,naive-kmeans,40:60
26,52,0.5699999928474426,200,5,200,default,naive-kmeans,40:60
26,53,0.5699999928474426,200,5,200,default,naive-kmeans,40:60
26,54,0.5699999928474426,200,5,200,default,naive-kmeans,40:60
26,55,0.5699999928474426,200,5,200,default,naive-kmeans,40:60
26,56,0.5699999928474426,200,5,200,default,naive-kmeans,40:60
26,57,0.5699999928474426,200,5,200,default,naive-kmeans,40:60
26,58,0.5699999928474426,200,5,200,default,naive-kmeans,40:60
26,59,0.5699999928474426,200,5,200,default,naive-kmeans,40:60
26,60,0.5699999928474426,200,5,200,default,naive-kmeans,40:60
26,61,0.5699999928474426,200,5,200,default,naive-kmeans,40:60
26,62,0.5699999928474426,200,5,200,default,naive-kmeans,40:60
26,63,0.5699999928474426,200,5,200,default,naive-kmeans,40:60
26,64,0.5699999928474426,200,5,200,default,naive-kmeans,40:60
26,65,0.5699999928474426,200,5,200,default,naive-kmeans,40:60
26,66,0.5699999928474426,200,5,200,default,naive-kmeans,40:60
26,67,0.5699999928474426,200,5,200,default,naive-kmeans,40:60
26,68,0.5699999928474426,200,5,200,default,naive-kmeans,40:60
26,69,0.5699999928474426,200,5,200,default,naive-kmeans,40:60
26,70,0.5699999928474426,200,5,200,default,naive-kmeans,40:60
26,71,0.5699999928474426,200,5,200,default,naive-kmeans,40:60
26,72,0.5699999928474426,200,5,200,default,naive-kmeans,40:60
26,73,0.5699999928474426,200,5,200,default,naive-kmeans,40:60
26,74,0.5699999928474426,200,5,200,default,naive-kmeans,40:60
26,75,0.5699999928474426,200,5,200,default,naive-kmeans,40:60
26,76,0.5699999928474426,200,5,200,default,naive-kmeans,40:60
26,77,0.5699999928474426,200,5,200,default,naive-kmeans,40:60
26,78,0.5699999928474426,200,5,200,default,naive-kmeans,40:60
26,79,0.5699999928474426,200,5,200,default,naive-kmeans,40:60
26,80,0.5699999928474426,200,5,200,default,naive-kmeans,40:60
26,81,0.5699999928474426,200,5,200,default,naive-kmeans,40:60
26,82,0.5699999928474426,200,5,200,default,naive-kmeans,40:60
26,83,0.5699999928474426,200,5,200,default,naive-kmeans,40:60
26,84,0.5699999928474426,200,5,200,default,naive-kmeans,40:60
26,85,0.5699999928474426,200,5,200,default,naive-kmeans,40:60
26,86,0.5699999928474426,200,5,200,default,naive-kmeans,40:60
26,87,0.5699999928474426,200,5,200,default,naive-kmeans,40:60
26,88,0.5699999928474426,200,5,200,default,naive-kmeans,40:60
26,89,0.5699999928474426,200,5,200,default,naive-kmeans,40:60
26,90,0.5699999928474426,200,5,200,default,naive-kmeans,40:60
26,91,0.5699999928474426,200,5,200,default,naive-kmeans,40:60
26,92,0.5699999928474426,200,5,200,default,naive-kmeans,40:60
26,93,0.5699999928474426,200,5,200,default,naive-kmeans,40:60
26,94,0.5699999928474426,200,5,200,default,naive-kmeans,40:60
26,95,0.5699999928474426,200,5,200,default,naive-kmeans,40:60
26,96,0.5699999928474426,200,5,200,default,naive-kmeans,40:60
26,97,0.5699999928474426,200,5,200,default,naive-kmeans,40:60
26,98,0.5699999928474426,200,5,200,default,naive-kmeans,40:60
26,99,0.5699999928474426,200,5,200,default,naive-kmeans,40:60
27,0,0.5649999976158142,200,5,200,default,naive-kmeans,40:60
27,1,0.5600000023841858,200,5,200,default,naive-kmeans,40:60
27,2,0.5550000071525574,200,5,200,default,naive-kmeans,40:60
27,3,0.5699999928474426,200,5,200,default,naive-kmeans,40:60
27,4,0.5550000071525574,200,5,200,default,naive-kmeans,40:60
27,5,0.550000011920929,200,5,200,default,naive-kmeans,40:60
27,6,0.5299999713897705,200,5,200,default,naive-kmeans,40:60
27,7,0.550000011920929,200,5,200,default,naive-kmeans,40:60
27,8,0.5550000071525574,200,5,200,default,naive-kmeans,40:60
27,9,0.4650000035762787,200,5,200,default,naive-kmeans,40:60
27,10,0.47999998927116394,200,5,200,default,naive-kmeans,40:60
27,11,0.5699999928474426,200,5,200,default,naive-kmeans,40:60
27,12,0.5699999928474426,200,5,200,default,naive-kmeans,40:60
27,13,0.5699999928474426,200,5,200,default,naive-kmeans,40:60
27,14,0.5699999928474426,200,5,200,default,naive-kmeans,40:60
27,15,0.5699999928474426,200,5,200,default,naive-kmeans,40:60
27,16,0.5699999928474426,200,5,200,default,naive-kmeans,40:60
27,17,0.5699999928474426,200,5,200,default,naive-kmeans,40:60
27,18,0.5699999928474426,200,5,200,default,naive-kmeans,40:60
27,19,0.5699999928474426,200,5,200,default,naive-kmeans,40:60
27,20,0.5699999928474426,200,5,200,default,naive-kmeans,40:60
27,21,0.5699999928474426,200,5,200,default,naive-kmeans,40:60
27,22,0.5699999928474426,200,5,200,default,naive-kmeans,40:60
27,23,0.5699999928474426,200,5,200,default,naive-kmeans,40:60
27,24,0.5699999928474426,200,5,200,default,naive-kmeans,40:60
27,25,0.5699999928474426,200,5,200,default,naive-kmeans,40:60
27,26,0.5699999928474426,200,5,200,default,naive-kmeans,40:60
27,27,0.5699999928474426,200,5,200,default,naive-kmeans,40:60
27,28,0.5699999928474426,200,5,200,default,naive-kmeans,40:60
27,29,0.5699999928474426,200,5,200,default,naive-kmeans,40:60
27,30,0.5699999928474426,200,5,200,default,naive-kmeans,40:60
27,31,0.5699999928474426,200,5,200,default,naive-kmeans,40:60
27,32,0.5699999928474426,200,5,200,default,naive-kmeans,40:60
27,33,0.5699999928474426,200,5,200,default,naive-kmeans,40:60
27,34,0.5699999928474426,200,5,200,default,naive-kmeans,40:60
27,35,0.5699999928474426,200,5,200,default,naive-kmeans,40:60
27,36,0.5699999928474426,200,5,200,default,naive-kmeans,40:60
27,37,0.5699999928474426,200,5,200,default,naive-kmeans,40:60
27,38,0.5699999928474426,200,5,200,default,naive-kmeans,40:60
27,39,0.5699999928474426,200,5,200,default,naive-kmeans,40:60
27,40,0.5699999928474426,200,5,200,default,naive-kmeans,40:60
27,41,0.5699999928474426,200,5,200,default,naive-kmeans,40:60
27,42,0.5699999928474426,200,5,200,default,naive-kmeans,40:60
27,43,0.5699999928474426,200,5,200,default,naive-kmeans,40:60
27,44,0.5699999928474426,200,5,200,default,naive-kmeans,40:60
27,45,0.5699999928474426,200,5,200,default,naive-kmeans,40:60
27,46,0.5699999928474426,200,5,200,default,naive-kmeans,40:60
27,47,0.5699999928474426,200,5,200,default,naive-kmeans,40:60
27,48,0.5699999928474426,200,5,200,default,naive-kmeans,40:60
27,49,0.5699999928474426,200,5,200,default,naive-kmeans,40:60
27,50,0.5699999928474426,200,5,200,default,naive-kmeans,40:60
27,51,0.5699999928474426,200,5,200,default,naive-kmeans,40:60
27,52,0.5699999928474426,200,5,200,default,naive-kmeans,40:60
27,53,0.5699999928474426,200,5,200,default,naive-kmeans,40:60
27,54,0.5699999928474426,200,5,200,default,naive-kmeans,40:60
27,55,0.5699999928474426,200,5,200,default,naive-kmeans,40:60
27,56,0.5699999928474426,200,5,200,default,naive-kmeans,40:60
27,57,0.5699999928474426,200,5,200,default,naive-kmeans,40:60
27,58,0.5699999928474426,200,5,200,default,naive-kmeans,40:60
27,59,0.5699999928474426,200,5,200,default,naive-kmeans,40:60
27,60,0.5699999928474426,200,5,200,default,naive-kmeans,40:60
27,61,0.5699999928474426,200,5,200,default,naive-kmeans,40:60
27,62,0.5699999928474426,200,5,200,default,naive-kmeans,40:60
27,63,0.5699999928474426,200,5,200,default,naive-kmeans,40:60
27,64,0.5699999928474426,200,5,200,default,naive-kmeans,40:60
27,65,0.5699999928474426,200,5,200,default,naive-kmeans,40:60
27,66,0.5699999928474426,200,5,200,default,naive-kmeans,40:60
27,67,0.5699999928474426,200,5,200,default,naive-kmeans,40:60
27,68,0.5699999928474426,200,5,200,default,naive-kmeans,40:60
27,69,0.5699999928474426,200,5,200,default,naive-kmeans,40:60
27,70,0.5699999928474426,200,5,200,default,naive-kmeans,40:60
27,71,0.5699999928474426,200,5,200,default,naive-kmeans,40:60
27,72,0.5699999928474426,200,5,200,default,naive-kmeans,40:60
27,73,0.5699999928474426,200,5,200,default,naive-kmeans,40:60
27,74,0.5699999928474426,200,5,200,default,naive-kmeans,40:60
27,75,0.5699999928474426,200,5,200,default,naive-kmeans,40:60
27,76,0.5699999928474426,200,5,200,default,naive-kmeans,40:60
27,77,0.5699999928474426,200,5,200,default,naive-kmeans,40:60
27,78,0.5699999928474426,200,5,200,default,naive-kmeans,40:60
27,79,0.5699999928474426,200,5,200,default,naive-kmeans,40:60
27,80,0.5699999928474426,200,5,200,default,naive-kmeans,40:60
27,81,0.5699999928474426,200,5,200,default,naive-kmeans,40:60
27,82,0.5699999928474426,200,5,200,default,naive-kmeans,40:60
27,83,0.5699999928474426,200,5,200,default,naive-kmeans,40:60
27,84,0.5699999928474426,200,5,200,default,naive-kmeans,40:60
27,85,0.5699999928474426,200,5,200,default,naive-kmeans,40:60
27,86,0.5699999928474426,200,5,200,default,naive-kmeans,40:60
27,87,0.5699999928474426,200,5,200,default,naive-kmeans,40:60
27,88,0.5699999928474426,200,5,200,default,naive-kmeans,40:60
27,89,0.5699999928474426,200,5,200,default,naive-kmeans,40:60
27,90,0.5699999928474426,200,5,200,default,naive-kmeans,40:60
27,91,0.5699999928474426,200,5,200,default,naive-kmeans,40:60
27,92,0.5699999928474426,200,5,200,default,naive-kmeans,40:60
27,93,0.5699999928474426,200,5,200,default,naive-kmeans,40:60
27,94,0.5699999928474426,200,5,200,default,naive-kmeans,40:60
27,95,0.5699999928474426,200,5,200,default,naive-kmeans,40:60
27,96,0.5699999928474426,200,5,200,default,naive-kmeans,40:60
27,97,0.5699999928474426,200,5,200,default,naive-kmeans,40:60
27,98,0.5699999928474426,200,5,200,default,naive-kmeans,40:60
27,99,0.5699999928474426,200,5,200,default,naive-kmeans,40:60
28,0,0.5350000262260437,200,5,200,default,naive-kmeans,40:60
28,1,0.5350000262260437,200,5,200,default,naive-kmeans,40:60
28,2,0.5649999976158142,200,5,200,default,naive-kmeans,40:60
28,3,0.5400000214576721,200,5,200,default,naive-kmeans,40:60
28,4,0.5299999713897705,200,5,200,default,naive-kmeans,40:60
28,5,0.5550000071525574,200,5,200,default,naive-kmeans,40:60
28,6,0.5199999809265137,200,5,200,default,naive-kmeans,40:60
28,7,0.4399999976158142,200,5,200,default,naive-kmeans,40:60
28,8,0.5649999976158142,200,5,200,default,naive-kmeans,40:60
28,9,0.5649999976158142,200,5,200,default,naive-kmeans,40:60
28,10,0.5649999976158142,200,5,200,default,naive-kmeans,40:60
28,11,0.5649999976158142,200,5,200,default,naive-kmeans,40:60
28,12,0.5649999976158142,200,5,200,default,naive-kmeans,40:60
28,13,0.5649999976158142,200,5,200,default,naive-kmeans,40:60
28,14,0.5649999976158142,200,5,200,default,naive-kmeans,40:60
28,15,0.5649999976158142,200,5,200,default,naive-kmeans,40:60
28,16,0.5649999976158142,200,5,200,default,naive-kmeans,40:60
28,17,0.5649999976158142,200,5,200,default,naive-kmeans,40:60
28,18,0.5649999976158142,200,5,200,default,naive-kmeans,40:60
28,19,0.5649999976158142,200,5,200,default,naive-kmeans,40:60
28,20,0.5649999976158142,200,5,200,default,naive-kmeans,40:60
28,21,0.5649999976158142,200,5,200,default,naive-kmeans,40:60
28,22,0.5649999976158142,200,5,200,default,naive-kmeans,40:60
28,23,0.5649999976158142,200,5,200,default,naive-kmeans,40:60
28,24,0.5649999976158142,200,5,200,default,naive-kmeans,40:60
28,25,0.5649999976158142,200,5,200,default,naive-kmeans,40:60
28,26,0.5649999976158142,200,5,200,default,naive-kmeans,40:60
28,27,0.5649999976158142,200,5,200,default,naive-kmeans,40:60
28,28,0.5649999976158142,200,5,200,default,naive-kmeans,40:60
28,29,0.5649999976158142,200,5,200,default,naive-kmeans,40:60
28,30,0.5649999976158142,200,5,200,default,naive-kmeans,40:60
28,31,0.5649999976158142,200,5,200,default,naive-kmeans,40:60
28,32,0.5649999976158142,200,5,200,default,naive-kmeans,40:60
28,33,0.5649999976158142,200,5,200,default,naive-kmeans,40:60
28,34,0.5649999976158142,200,5,200,default,naive-kmeans,40:60
28,35,0.5649999976158142,200,5,200,default,naive-kmeans,40:60
28,36,0.5649999976158142,200,5,200,default,naive-kmeans,40:60
28,37,0.5649999976158142,200,5,200,default,naive-kmeans,40:60
28,38,0.5649999976158142,200,5,200,default,naive-kmeans,40:60
28,39,0.5649999976158142,200,5,200,default,naive-kmeans,40:60
28,40,0.5649999976158142,200,5,200,default,naive-kmeans,40:60
28,41,0.5649999976158142,200,5,200,default,naive-kmeans,40:60
28,42,0.5649999976158142,200,5,200,default,naive-kmeans,40:60
28,43,0.5649999976158142,200,5,200,default,naive-kmeans,40:60
28,44,0.5649999976158142,200,5,200,default,naive-kmeans,40:60
28,45,0.5649999976158142,200,5,200,default,naive-kmeans,40:60
28,46,0.5649999976158142,200,5,200,default,naive-kmeans,40:60
28,47,0.5649999976158142,200,5,200,default,naive-kmeans,40:60
28,48,0.5649999976158142,200,5,200,default,naive-kmeans,40:60
28,49,0.5649999976158142,200,5,200,default,naive-kmeans,40:60
28,50,0.5649999976158142,200,5,200,default,naive-kmeans,40:60
28,51,0.5649999976158142,200,5,200,default,naive-kmeans,40:60
28,52,0.5649999976158142,200,5,200,default,naive-kmeans,40:60
28,53,0.5649999976158142,200,5,200,default,naive-kmeans,40:60
28,54,0.5649999976158142,200,5,200,default,naive-kmeans,40:60
28,55,0.5649999976158142,200,5,200,default,naive-kmeans,40:60
28,56,0.5649999976158142,200,5,200,default,naive-kmeans,40:60
28,57,0.5649999976158142,200,5,200,default,naive-kmeans,40:60
28,58,0.5649999976158142,200,5,200,default,naive-kmeans,40:60
28,59,0.5649999976158142,200,5,200,default,naive-kmeans,40:60
28,60,0.5649999976158142,200,5,200,default,naive-kmeans,40:60
28,61,0.5649999976158142,200,5,200,default,naive-kmeans,40:60
28,62,0.5649999976158142,200,5,200,default,naive-kmeans,40:60
28,63,0.5649999976158142,200,5,200,default,naive-kmeans,40:60
28,64,0.5649999976158142,200,5,200,default,naive-kmeans,40:60
28,65,0.5649999976158142,200,5,200,default,naive-kmeans,40:60
28,66,0.5649999976158142,200,5,200,default,naive-kmeans,40:60
28,67,0.5649999976158142,200,5,200,default,naive-kmeans,40:60
28,68,0.5649999976158142,200,5,200,default,naive-kmeans,40:60
28,69,0.5649999976158142,200,5,200,default,naive-kmeans,40:60
28,70,0.5649999976158142,200,5,200,default,naive-kmeans,40:60
28,71,0.5649999976158142,200,5,200,default,naive-kmeans,40:60
28,72,0.5649999976158142,200,5,200,default,naive-kmeans,40:60
28,73,0.5649999976158142,200,5,200,default,naive-kmeans,40:60
28,74,0.5649999976158142,200,5,200,default,naive-kmeans,40:60
28,75,0.5649999976158142,200,5,200,default,naive-kmeans,40:60
28,76,0.5649999976158142,200,5,200,default,naive-kmeans,40:60
28,77,0.5649999976158142,200,5,200,default,naive-kmeans,40:60
28,78,0.5649999976158142,200,5,200,default,naive-kmeans,40:60
28,79,0.5649999976158142,200,5,200,default,naive-kmeans,40:60
28,80,0.5649999976158142,200,5,200,default,naive-kmeans,40:60
28,81,0.5649999976158142,200,5,200,default,naive-kmeans,40:60
28,82,0.5649999976158142,200,5,200,default,naive-kmeans,40:60
28,83,0.5649999976158142,200,5,200,default,naive-kmeans,40:60
28,84,0.5649999976158142,200,5,200,default,naive-kmeans,40:60
28,85,0.5649999976158142,200,5,200,default,naive-kmeans,40:60
28,86,0.5649999976158142,200,5,200,default,naive-kmeans,40:60
28,87,0.5649999976158142,200,5,200,default,naive-kmeans,40:60
28,88,0.5649999976158142,200,5,200,default,naive-kmeans,40:60
28,89,0.5649999976158142,200,5,200,default,naive-kmeans,40:60
28,90,0.5649999976158142,200,5,200,default,naive-kmeans,40:60
28,91,0.5649999976158142,200,5,200,default,naive-kmeans,40:60
28,92,0.5649999976158142,200,5,200,default,naive-kmeans,40:60
28,93,0.5649999976158142,200,5,200,default,naive-kmeans,40:60
28,94,0.5649999976158142,200,5,200,default,naive-kmeans,40:60
28,95,0.5649999976158142,200,5,200,default,naive-kmeans,40:60
28,96,0.5649999976158142,200,5,200,default,naive-kmeans,40:60
28,97,0.5649999976158142,200,5,200,default,naive-kmeans,40:60
28,98,0.5649999976158142,200,5,200,default,naive-kmeans,40:60
28,99,0.5649999976158142,200,5,200,default,naive-kmeans,40:60
29,0,0.5199999809265137,200,5,200,default,naive-kmeans,40:60
29,1,0.5199999809265137,200,5,200,default,naive-kmeans,40:60
29,2,0.5299999713897705,200,5,200,default,naive-kmeans,40:60
29,3,0.5299999713897705,200,5,200,default,naive-kmeans,40:60
29,4,0.5350000262260437,200,5,200,default,naive-kmeans,40:60
29,5,0.5249999761581421,200,5,200,default,naive-kmeans,40:60
29,6,0.5350000262260437,200,5,200,default,naive-kmeans,40:60
29,7,0.5149999856948853,200,5,200,default,naive-kmeans,40:60
29,8,0.5400000214576721,200,5,200,default,naive-kmeans,40:60
29,9,0.5450000166893005,200,5,200,default,naive-kmeans,40:60
29,10,0.550000011920929,200,5,200,default,naive-kmeans,40:60
29,11,0.5350000262260437,200,5,200,default,naive-kmeans,40:60
29,12,0.5199999809265137,200,5,200,default,naive-kmeans,40:60
29,13,0.550000011920929,200,5,200,default,naive-kmeans,40:60
29,14,0.550000011920929,200,5,200,default,naive-kmeans,40:60
29,15,0.550000011920929,200,5,200,default,naive-kmeans,40:60
29,16,0.550000011920929,200,5,200,default,naive-kmeans,40:60
29,17,0.550000011920929,200,5,200,default,naive-kmeans,40:60
29,18,0.550000011920929,200,5,200,default,naive-kmeans,40:60
29,19,0.550000011920929,200,5,200,default,naive-kmeans,40:60
29,20,0.550000011920929,200,5,200,default,naive-kmeans,40:60
29,21,0.550000011920929,200,5,200,default,naive-kmeans,40:60
29,22,0.550000011920929,200,5,200,default,naive-kmeans,40:60
29,23,0.550000011920929,200,5,200,default,naive-kmeans,40:60
29,24,0.550000011920929,200,5,200,default,naive-kmeans,40:60
29,25,0.550000011920929,200,5,200,default,naive-kmeans,40:60
29,26,0.550000011920929,200,5,200,default,naive-kmeans,40:60
29,27,0.550000011920929,200,5,200,default,naive-kmeans,40:60
29,28,0.550000011920929,200,5,200,default,naive-kmeans,40:60
29,29,0.550000011920929,200,5,200,default,naive-kmeans,40:60
29,30,0.550000011920929,200,5,200,default,naive-kmeans,40:60
29,31,0.550000011920929,200,5,200,default,naive-kmeans,40:60
29,32,0.550000011920929,200,5,200,default,naive-kmeans,40:60
29,33,0.550000011920929,200,5,200,default,naive-kmeans,40:60
29,34,0.550000011920929,200,5,200,default,naive-kmeans,40:60
29,35,0.550000011920929,200,5,200,default,naive-kmeans,40:60
29,36,0.550000011920929,200,5,200,default,naive-kmeans,40:60
29,37,0.550000011920929,200,5,200,default,naive-kmeans,40:60
29,38,0.550000011920929,200,5,200,default,naive-kmeans,40:60
29,39,0.550000011920929,200,5,200,default,naive-kmeans,40:60
29,40,0.550000011920929,200,5,200,default,naive-kmeans,40:60
29,41,0.550000011920929,200,5,200,default,naive-kmeans,40:60
29,42,0.550000011920929,200,5,200,default,naive-kmeans,40:60
29,43,0.550000011920929,200,5,200,default,naive-kmeans,40:60
29,44,0.550000011920929,200,5,200,default,naive-kmeans,40:60
29,45,0.550000011920929,200,5,200,default,naive-kmeans,40:60
29,46,0.550000011920929,200,5,200,default,naive-kmeans,40:60
29,47,0.550000011920929,200,5,200,default,naive-kmeans,40:60
29,48,0.550000011920929,200,5,200,default,naive-kmeans,40:60
29,49,0.550000011920929,200,5,200,default,naive-kmeans,40:60
29,50,0.550000011920929,200,5,200,default,naive-kmeans,40:60
29,51,0.550000011920929,200,5,200,default,naive-kmeans,40:60
29,52,0.550000011920929,200,5,200,default,naive-kmeans,40:60
29,53,0.550000011920929,200,5,200,default,naive-kmeans,40:60
29,54,0.550000011920929,200,5,200,default,naive-kmeans,40:60
29,55,0.550000011920929,200,5,200,default,naive-kmeans,40:60
29,56,0.550000011920929,200,5,200,default,naive-kmeans,40:60
29,57,0.550000011920929,200,5,200,default,naive-kmeans,40:60
29,58,0.550000011920929,200,5,200,default,naive-kmeans,40:60
29,59,0.550000011920929,200,5,200,default,naive-kmeans,40:60
29,60,0.550000011920929,200,5,200,default,naive-kmeans,40:60
29,61,0.550000011920929,200,5,200,default,naive-kmeans,40:60
29,62,0.550000011920929,200,5,200,default,naive-kmeans,40:60
29,63,0.550000011920929,200,5,200,default,naive-kmeans,40:60
29,64,0.550000011920929,200,5,200,default,naive-kmeans,40:60
29,65,0.550000011920929,200,5,200,default,naive-kmeans,40:60
29,66,0.550000011920929,200,5,200,default,naive-kmeans,40:60
29,67,0.550000011920929,200,5,200,default,naive-kmeans,40:60
29,68,0.550000011920929,200,5,200,default,naive-kmeans,40:60
29,69,0.550000011920929,200,5,200,default,naive-kmeans,40:60
29,70,0.550000011920929,200,5,200,default,naive-kmeans,40:60
29,71,0.550000011920929,200,5,200,default,naive-kmeans,40:60
29,72,0.550000011920929,200,5,200,default,naive-kmeans,40:60
29,73,0.550000011920929,200,5,200,default,naive-kmeans,40:60
29,74,0.550000011920929,200,5,200,default,naive-kmeans,40:60
29,75,0.550000011920929,200,5,200,default,naive-kmeans,40:60
29,76,0.550000011920929,200,5,200,default,naive-kmeans,40:60
29,77,0.550000011920929,200,5,200,default,naive-kmeans,40:60
29,78,0.550000011920929,200,5,200,default,naive-kmeans,40:60
29,79,0.550000011920929,200,5,200,default,naive-kmeans,40:60
29,80,0.550000011920929,200,5,200,default,naive-kmeans,40:60
29,81,0.550000011920929,200,5,200,default,naive-kmeans,40:60
29,82,0.550000011920929,200,5,200,default,naive-kmeans,40:60
29,83,0.550000011920929,200,5,200,default,naive-kmeans,40:60
29,84,0.550000011920929,200,5,200,default,naive-kmeans,40:60
29,85,0.550000011920929,200,5,200,default,naive-kmeans,40:60
29,86,0.550000011920929,200,5,200,default,naive-kmeans,40:60
29,87,0.550000011920929,200,5,200,default,naive-kmeans,40:60
29,88,0.550000011920929,200,5,200,default,naive-kmeans,40:60
29,89,0.550000011920929,200,5,200,default,naive-kmeans,40:60
29,90,0.550000011920929,200,5,200,default,naive-kmeans,40:60
29,91,0.550000011920929,200,5,200,default,naive-kmeans,40:60
29,92,0.550000011920929,200,5,200,default,naive-kmeans,40:60
29,93,0.550000011920929,200,5,200,default,naive-kmeans,40:60
29,94,0.550000011920929,200,5,200,default,naive-kmeans,40:60
29,95,0.550000011920929,200,5,200,default,naive-kmeans,40:60
29,96,0.550000011920929,200,5,200,default,naive-kmeans,40:60
29,97,0.550000011920929,200,5,200,default,naive-kmeans,40:60
29,98,0.550000011920929,200,5,200,default,naive-kmeans,40:60
29,99,0.550000011920929,200,5,200,default,naive-kmeans,40:60
30,0,0.550000011920929,200,5,200,default,naive-kmeans,40:60
30,1,0.4950000047683716,200,5,200,default,naive-kmeans,40:60
30,2,0.5,200,5,200,default,naive-kmeans,40:60
30,3,0.5400000214576721,200,5,200,default,naive-kmeans,40:60
30,4,0.5600000023841858,200,5,200,default,naive-kmeans,40:60
30,5,0.5600000023841858,200,5,200,default,naive-kmeans,40:60
30,6,0.5600000023841858,200,5,200,default,naive-kmeans,40:60
30,7,0.5600000023841858,200,5,200,default,naive-kmeans,40:60
30,8,0.5600000023841858,200,5,200,default,naive-kmeans,40:60
30,9,0.5600000023841858,200,5,200,default,naive-kmeans,40:60
30,10,0.5600000023841858,200,5,200,default,naive-kmeans,40:60
30,11,0.5600000023841858,200,5,200,default,naive-kmeans,40:60
30,12,0.5600000023841858,200,5,200,default,naive-kmeans,40:60
30,13,0.5600000023841858,200,5,200,default,naive-kmeans,40:60
30,14,0.5600000023841858,200,5,200,default,naive-kmeans,40:60
30,15,0.5600000023841858,200,5,200,default,naive-kmeans,40:60
30,16,0.5600000023841858,200,5,200,default,naive-kmeans,40:60
30,17,0.5600000023841858,200,5,200,default,naive-kmeans,40:60
30,18,0.5600000023841858,200,5,200,default,naive-kmeans,40:60
30,19,0.5600000023841858,200,5,200,default,naive-kmeans,40:60
30,20,0.5600000023841858,200,5,200,default,naive-kmeans,40:60
30,21,0.5600000023841858,200,5,200,default,naive-kmeans,40:60
30,22,0.5600000023841858,200,5,200,default,naive-kmeans,40:60
30,23,0.5600000023841858,200,5,200,default,naive-kmeans,40:60
30,24,0.5600000023841858,200,5,200,default,naive-kmeans,40:60
30,25,0.5600000023841858,200,5,200,default,naive-kmeans,40:60
30,26,0.5600000023841858,200,5,200,default,naive-kmeans,40:60
30,27,0.5600000023841858,200,5,200,default,naive-kmeans,40:60
30,28,0.5600000023841858,200,5,200,default,naive-kmeans,40:60
30,29,0.5600000023841858,200,5,200,default,naive-kmeans,40:60
30,30,0.5600000023841858,200,5,200,default,naive-kmeans,40:60
30,31,0.5600000023841858,200,5,200,default,naive-kmeans,40:60
30,32,0.5600000023841858,200,5,200,default,naive-kmeans,40:60
30,33,0.5600000023841858,200,5,200,default,naive-kmeans,40:60
30,34,0.5600000023841858,200,5,200,default,naive-kmeans,40:60
30,35,0.5600000023841858,200,5,200,default,naive-kmeans,40:60
30,36,0.5600000023841858,200,5,200,default,naive-kmeans,40:60
30,37,0.5600000023841858,200,5,200,default,naive-kmeans,40:60
30,38,0.5600000023841858,200,5,200,default,naive-kmeans,40:60
30,39,0.5600000023841858,200,5,200,default,naive-kmeans,40:60
30,40,0.5600000023841858,200,5,200,default,naive-kmeans,40:60
30,41,0.5600000023841858,200,5,200,default,naive-kmeans,40:60
30,42,0.5600000023841858,200,5,200,default,naive-kmeans,40:60
30,43,0.5600000023841858,200,5,200,default,naive-kmeans,40:60
30,44,0.5600000023841858,200,5,200,default,naive-kmeans,40:60
30,45,0.5600000023841858,200,5,200,default,naive-kmeans,40:60
30,46,0.5600000023841858,200,5,200,default,naive-kmeans,40:60
30,47,0.5600000023841858,200,5,200,default,naive-kmeans,40:60
30,48,0.5600000023841858,200,5,200,default,naive-kmeans,40:60
30,49,0.5600000023841858,200,5,200,default,naive-kmeans,40:60
30,50,0.5600000023841858,200,5,200,default,naive-kmeans,40:60
30,51,0.5600000023841858,200,5,200,default,naive-kmeans,40:60
30,52,0.5600000023841858,200,5,200,default,naive-kmeans,40:60
30,53,0.5600000023841858,200,5,200,default,naive-kmeans,40:60
30,54,0.5600000023841858,200,5,200,default,naive-kmeans,40:60
30,55,0.5600000023841858,200,5,200,default,naive-kmeans,40:60
30,56,0.5600000023841858,200,5,200,default,naive-kmeans,40:60
30,57,0.5600000023841858,200,5,200,default,naive-kmeans,40:60
30,58,0.5600000023841858,200,5,200,default,naive-kmeans,40:60
30,59,0.5600000023841858,200,5,200,default,naive-kmeans,40:60
30,60,0.5600000023841858,200,5,200,default,naive-kmeans,40:60
30,61,0.5600000023841858,200,5,200,default,naive-kmeans,40:60
30,62,0.5600000023841858,200,5,200,default,naive-kmeans,40:60
30,63,0.5600000023841858,200,5,200,default,naive-kmeans,40:60
30,64,0.5600000023841858,200,5,200,default,naive-kmeans,40:60
30,65,0.5600000023841858,200,5,200,default,naive-kmeans,40:60
30,66,0.5600000023841858,200,5,200,default,naive-kmeans,40:60
30,67,0.5600000023841858,200,5,200,default,naive-kmeans,40:60
30,68,0.5600000023841858,200,5,200,default,naive-kmeans,40:60
30,69,0.5600000023841858,200,5,200,default,naive-kmeans,40:60
30,70,0.5600000023841858,200,5,200,default,naive-kmeans,40:60
30,71,0.5600000023841858,200,5,200,default,naive-kmeans,40:60
30,72,0.5600000023841858,200,5,200,default,naive-kmeans,40:60
30,73,0.5600000023841858,200,5,200,default,naive-kmeans,40:60
30,74,0.5600000023841858,200,5,200,default,naive-kmeans,40:60
30,75,0.5600000023841858,200,5,200,default,naive-kmeans,40:60
30,76,0.5600000023841858,200,5,200,default,naive-kmeans,40:60
30,77,0.5600000023841858,200,5,200,default,naive-kmeans,40:60
30,78,0.5600000023841858,200,5,200,default,naive-kmeans,40:60
30,79,0.5600000023841858,200,5,200,default,naive-kmeans,40:60
30,80,0.5600000023841858,200,5,200,default,naive-kmeans,40:60
30,81,0.5600000023841858,200,5,200,default,naive-kmeans,40:60
30,82,0.5600000023841858,200,5,200,default,naive-kmeans,40:60
30,83,0.5600000023841858,200,5,200,default,naive-kmeans,40:60
30,84,0.5600000023841858,200,5,200,default,naive-kmeans,40:60
30,85,0.5600000023841858,200,5,200,default,naive-kmeans,40:60
30,86,0.5600000023841858,200,5,200,default,naive-kmeans,40:60
30,87,0.5600000023841858,200,5,200,default,naive-kmeans,40:60
30,88,0.5600000023841858,200,5,200,default,naive-kmeans,40:60
30,89,0.5600000023841858,200,5,200,default,naive-kmeans,40:60
30,90,0.5600000023841858,200,5,200,default,naive-kmeans,40:60
30,91,0.5600000023841858,200,5,200,default,naive-kmeans,40:60
30,92,0.5600000023841858,200,5,200,default,naive-kmeans,40:60
30,93,0.5600000023841858,200,5,200,default,naive-kmeans,40:60
30,94,0.5600000023841858,200,5,200,default,naive-kmeans,40:60
30,95,0.5600000023841858,200,5,200,default,naive-kmeans,40:60
30,96,0.5600000023841858,200,5,200,default,naive-kmeans,40:60
30,97,0.5600000023841858,200,5,200,default,naive-kmeans,40:60
30,98,0.5600000023841858,200,5,200,default,naive-kmeans,40:60
30,99,0.5600000023841858,200,5,200,default,naive-kmeans,40:60
31,0,0.5699999928474426,200,5,200,default,naive-kmeans,40:60
31,1,0.5600000023841858,200,5,200,default,naive-kmeans,40:60
31,2,0.5699999928474426,200,5,200,default,naive-kmeans,40:60
31,3,0.5299999713897705,200,5,200,default,naive-kmeans,40:60
31,4,0.550000011920929,200,5,200,default,naive-kmeans,40:60
31,5,0.5649999976158142,200,5,200,default,naive-kmeans,40:60
31,6,0.5199999809265137,200,5,200,default,naive-kmeans,40:60
31,7,0.5550000071525574,200,5,200,default,naive-kmeans,40:60
31,8,0.5400000214576721,200,5,200,default,naive-kmeans,40:60
31,9,0.5149999856948853,200,5,200,default,naive-kmeans,40:60
31,10,0.5550000071525574,200,5,200,default,naive-kmeans,40:60
31,11,0.550000011920929,200,5,200,default,naive-kmeans,40:60
31,12,0.550000011920929,200,5,200,default,naive-kmeans,40:60
31,13,0.550000011920929,200,5,200,default,naive-kmeans,40:60
31,14,0.5699999928474426,200,5,200,default,naive-kmeans,40:60
31,15,0.5699999928474426,200,5,200,default,naive-kmeans,40:60
31,16,0.5699999928474426,200,5,200,default,naive-kmeans,40:60
31,17,0.5699999928474426,200,5,200,default,naive-kmeans,40:60
31,18,0.5699999928474426,200,5,200,default,naive-kmeans,40:60
31,19,0.5699999928474426,200,5,200,default,naive-kmeans,40:60
31,20,0.5699999928474426,200,5,200,default,naive-kmeans,40:60
31,21,0.5699999928474426,200,5,200,default,naive-kmeans,40:60
31,22,0.5699999928474426,200,5,200,default,naive-kmeans,40:60
31,23,0.5699999928474426,200,5,200,default,naive-kmeans,40:60
31,24,0.5699999928474426,200,5,200,default,naive-kmeans,40:60
31,25,0.5699999928474426,200,5,200,default,naive-kmeans,40:60
31,26,0.5699999928474426,200,5,200,default,naive-kmeans,40:60
31,27,0.5699999928474426,200,5,200,default,naive-kmeans,40:60
31,28,0.5699999928474426,200,5,200,default,naive-kmeans,40:60
31,29,0.5699999928474426,200,5,200,default,naive-kmeans,40:60
31,30,0.5699999928474426,200,5,200,default,naive-kmeans,40:60
31,31,0.5699999928474426,200,5,200,default,naive-kmeans,40:60
31,32,0.5699999928474426,200,5,200,default,naive-kmeans,40:60
31,33,0.5699999928474426,200,5,200,default,naive-kmeans,40:60
31,34,0.5699999928474426,200,5,200,default,naive-kmeans,40:60
31,35,0.5699999928474426,200,5,200,default,naive-kmeans,40:60
31,36,0.5699999928474426,200,5,200,default,naive-kmeans,40:60
31,37,0.5699999928474426,200,5,200,default,naive-kmeans,40:60
31,38,0.5699999928474426,200,5,200,default,naive-kmeans,40:60
31,39,0.5699999928474426,200,5,200,default,naive-kmeans,40:60
31,40,0.5699999928474426,200,5,200,default,naive-kmeans,40:60
31,41,0.5699999928474426,200,5,200,default,naive-kmeans,40:60
31,42,0.5699999928474426,200,5,200,default,naive-kmeans,40:60
31,43,0.5699999928474426,200,5,200,default,naive-kmeans,40:60
31,44,0.5699999928474426,200,5,200,default,naive-kmeans,40:60
31,45,0.5699999928474426,200,5,200,default,naive-kmeans,40:60
31,46,0.5699999928474426,200,5,200,default,naive-kmeans,40:60
31,47,0.5699999928474426,200,5,200,default,naive-kmeans,40:60
31,48,0.5699999928474426,200,5,200,default,naive-kmeans,40:60
31,49,0.5699999928474426,200,5,200,default,naive-kmeans,40:60
31,50,0.5699999928474426,200,5,200,default,naive-kmeans,40:60
31,51,0.5699999928474426,200,5,200,default,naive-kmeans,40:60
31,52,0.5699999928474426,200,5,200,default,naive-kmeans,40:60
31,53,0.5699999928474426,200,5,200,default,naive-kmeans,40:60
31,54,0.5699999928474426,200,5,200,default,naive-kmeans,40:60
31,55,0.5699999928474426,200,5,200,default,naive-kmeans,40:60
31,56,0.5699999928474426,200,5,200,default,naive-kmeans,40:60
31,57,0.5699999928474426,200,5,200,default,naive-kmeans,40:60
31,58,0.5699999928474426,200,5,200,default,naive-kmeans,40:60
31,59,0.5699999928474426,200,5,200,default,naive-kmeans,40:60
31,60,0.5699999928474426,200,5,200,default,naive-kmeans,40:60
31,61,0.5699999928474426,200,5,200,default,naive-kmeans,40:60
31,62,0.5699999928474426,200,5,200,default,naive-kmeans,40:60
31,63,0.5699999928474426,200,5,200,default,naive-kmeans,40:60
31,64,0.5699999928474426,200,5,200,default,naive-kmeans,40:60
31,65,0.5699999928474426,200,5,200,default,naive-kmeans,40:60
31,66,0.5699999928474426,200,5,200,default,naive-kmeans,40:60
31,67,0.5699999928474426,200,5,200,default,naive-kmeans,40:60
31,68,0.5699999928474426,200,5,200,default,naive-kmeans,40:60
31,69,0.5699999928474426,200,5,200,default,naive-kmeans,40:60
31,70,0.5699999928474426,200,5,200,default,naive-kmeans,40:60
31,71,0.5699999928474426,200,5,200,default,naive-kmeans,40:60
31,72,0.5699999928474426,200,5,200,default,naive-kmeans,40:60
31,73,0.5699999928474426,200,5,200,default,naive-kmeans,40:60
31,74,0.5699999928474426,200,5,200,default,naive-kmeans,40:60
31,75,0.5699999928474426,200,5,200,default,naive-kmeans,40:60
31,76,0.5699999928474426,200,5,200,default,naive-kmeans,40:60
31,77,0.5699999928474426,200,5,200,default,naive-kmeans,40:60
31,78,0.5699999928474426,200,5,200,default,naive-kmeans,40:60
31,79,0.5699999928474426,200,5,200,default,naive-kmeans,40:60
31,80,0.5699999928474426,200,5,200,default,naive-kmeans,40:60
31,81,0.5699999928474426,200,5,200,default,naive-kmeans,40:60
31,82,0.5699999928474426,200,5,200,default,naive-kmeans,40:60
31,83,0.5699999928474426,200,5,200,default,naive-kmeans,40:60
31,84,0.5699999928474426,200,5,200,default,naive-kmeans,40:60
31,85,0.5699999928474426,200,5,200,default,naive-kmeans,40:60
31,86,0.5699999928474426,200,5,200,default,naive-kmeans,40:60
31,87,0.5699999928474426,200,5,200,default,naive-kmeans,40:60
31,88,0.5699999928474426,200,5,200,default,naive-kmeans,40:60
31,89,0.5699999928474426,200,5,200,default,naive-kmeans,40:60
31,90,0.5699999928474426,200,5,200,default,naive-kmeans,40:60
31,91,0.5699999928474426,200,5,200,default,naive-kmeans,40:60
31,92,0.5699999928474426,200,5,200,default,naive-kmeans,40:60
31,93,0.5699999928474426,200,5,200,default,naive-kmeans,40:60
31,94,0.5699999928474426,200,5,200,default,naive-kmeans,40:60
31,95,0.5699999928474426,200,5,200,default,naive-kmeans,40:60
31,96,0.5699999928474426,200,5,200,default,naive-kmeans,40:60
31,97,0.5699999928474426,200,5,200,default,naive-kmeans,40:60
31,98,0.5699999928474426,200,5,200,default,naive-kmeans,40:60
31,99,0.5699999928474426,200,5,200,default,naive-kmeans,40:60
32,0,0.5099999904632568,200,5,200,default,naive-kmeans,40:60
32,1,0.5350000262260437,200,5,200,default,naive-kmeans,40:60
32,2,0.5400000214576721,200,5,200,default,naive-kmeans,40:60
32,3,0.550000011920929,200,5,200,default,naive-kmeans,40:60
32,4,0.5550000071525574,200,5,200,default,naive-kmeans,40:60
32,5,0.5600000023841858,200,5,200,default,naive-kmeans,40:60
32,6,0.5299999713897705,200,5,200,default,naive-kmeans,40:60
32,7,0.5350000262260437,200,5,200,default,naive-kmeans,40:60
32,8,0.550000011920929,200,5,200,default,naive-kmeans,40:60
32,9,0.5199999809265137,200,5,200,default,naive-kmeans,40:60
32,10,0.5600000023841858,200,5,200,default,naive-kmeans,40:60
32,11,0.5600000023841858,200,5,200,default,naive-kmeans,40:60
32,12,0.5600000023841858,200,5,200,default,naive-kmeans,40:60
32,13,0.5600000023841858,200,5,200,default,naive-kmeans,40:60
32,14,0.5600000023841858,200,5,200,default,naive-kmeans,40:60
32,15,0.5600000023841858,200,5,200,default,naive-kmeans,40:60
32,16,0.5600000023841858,200,5,200,default,naive-kmeans,40:60
32,17,0.5600000023841858,200,5,200,default,naive-kmeans,40:60
32,18,0.5600000023841858,200,5,200,default,naive-kmeans,40:60
32,19,0.5600000023841858,200,5,200,default,naive-kmeans,40:60
32,20,0.5600000023841858,200,5,200,default,naive-kmeans,40:60
32,21,0.5600000023841858,200,5,200,default,naive-kmeans,40:60
32,22,0.5600000023841858,200,5,200,default,naive-kmeans,40:60
32,23,0.5600000023841858,200,5,200,default,naive-kmeans,40:60
32,24,0.5600000023841858,200,5,200,default,naive-kmeans,40:60
32,25,0.5600000023841858,200,5,200,default,naive-kmeans,40:60
32,26,0.5600000023841858,200,5,200,default,naive-kmeans,40:60
32,27,0.5600000023841858,200,5,200,default,naive-kmeans,40:60
32,28,0.5600000023841858,200,5,200,default,naive-kmeans,40:60
32,29,0.5600000023841858,200,5,200,default,naive-kmeans,40:60
32,30,0.5600000023841858,200,5,200,default,naive-kmeans,40:60
32,31,0.5600000023841858,200,5,200,default,naive-kmeans,40:60
32,32,0.5600000023841858,200,5,200,default,naive-kmeans,40:60
32,33,0.5600000023841858,200,5,200,default,naive-kmeans,40:60
32,34,0.5600000023841858,200,5,200,default,naive-kmeans,40:60
32,35,0.5600000023841858,200,5,200,default,naive-kmeans,40:60
32,36,0.5600000023841858,200,5,200,default,naive-kmeans,40:60
32,37,0.5600000023841858,200,5,200,default,naive-kmeans,40:60
32,38,0.5600000023841858,200,5,200,default,naive-kmeans,40:60
32,39,0.5600000023841858,200,5,200,default,naive-kmeans,40:60
32,40,0.5600000023841858,200,5,200,default,naive-kmeans,40:60
32,41,0.5600000023841858,200,5,200,default,naive-kmeans,40:60
32,42,0.5600000023841858,200,5,200,default,naive-kmeans,40:60
32,43,0.5600000023841858,200,5,200,default,naive-kmeans,40:60
32,44,0.5600000023841858,200,5,200,default,naive-kmeans,40:60
32,45,0.5600000023841858,200,5,200,default,naive-kmeans,40:60
32,46,0.5600000023841858,200,5,200,default,naive-kmeans,40:60
32,47,0.5600000023841858,200,5,200,default,naive-kmeans,40:60
32,48,0.5600000023841858,200,5,200,default,naive-kmeans,40:60
32,49,0.5600000023841858,200,5,200,default,naive-kmeans,40:60
32,50,0.5600000023841858,200,5,200,default,naive-kmeans,40:60
32,51,0.5600000023841858,200,5,200,default,naive-kmeans,40:60
32,52,0.5600000023841858,200,5,200,default,naive-kmeans,40:60
32,53,0.5600000023841858,200,5,200,default,naive-kmeans,40:60
32,54,0.5600000023841858,200,5,200,default,naive-kmeans,40:60
32,55,0.5600000023841858,200,5,200,default,naive-kmeans,40:60
32,56,0.5600000023841858,200,5,200,default,naive-kmeans,40:60
32,57,0.5600000023841858,200,5,200,default,naive-kmeans,40:60
32,58,0.5600000023841858,200,5,200,default,naive-kmeans,40:60
32,59,0.5600000023841858,200,5,200,default,naive-kmeans,40:60
32,60,0.5600000023841858,200,5,200,default,naive-kmeans,40:60
32,61,0.5600000023841858,200,5,200,default,naive-kmeans,40:60
32,62,0.5600000023841858,200,5,200,default,naive-kmeans,40:60
32,63,0.5600000023841858,200,5,200,default,naive-kmeans,40:60
32,64,0.5600000023841858,200,5,200,default,naive-kmeans,40:60
32,65,0.5600000023841858,200,5,200,default,naive-kmeans,40:60
32,66,0.5600000023841858,200,5,200,default,naive-kmeans,40:60
32,67,0.5600000023841858,200,5,200,default,naive-kmeans,40:60
32,68,0.5600000023841858,200,5,200,default,naive-kmeans,40:60
32,69,0.5600000023841858,200,5,200,default,naive-kmeans,40:60
32,70,0.5600000023841858,200,5,200,default,naive-kmeans,40:60
32,71,0.5600000023841858,200,5,200,default,naive-kmeans,40:60
32,72,0.5600000023841858,200,5,200,default,naive-kmeans,40:60
32,73,0.5600000023841858,200,5,200,default,naive-kmeans,40:60
32,74,0.5600000023841858,200,5,200,default,naive-kmeans,40:60
32,75,0.5600000023841858,200,5,200,default,naive-kmeans,40:60
32,76,0.5600000023841858,200,5,200,default,naive-kmeans,40:60
32,77,0.5600000023841858,200,5,200,default,naive-kmeans,40:60
32,78,0.5600000023841858,200,5,200,default,naive-kmeans,40:60
32,79,0.5600000023841858,200,5,200,default,naive-kmeans,40:60
32,80,0.5600000023841858,200,5,200,default,naive-kmeans,40:60
32,81,0.5600000023841858,200,5,200,default,naive-kmeans,40:60
32,82,0.5600000023841858,200,5,200,default,naive-kmeans,40:60
32,83,0.5600000023841858,200,5,200,default,naive-kmeans,40:60
32,84,0.5600000023841858,200,5,200,default,naive-kmeans,40:60
32,85,0.5600000023841858,200,5,200,default,naive-kmeans,40:60
32,86,0.5600000023841858,200,5,200,default,naive-kmeans,40:60
32,87,0.5600000023841858,200,5,200,default,naive-kmeans,40:60
32,88,0.5600000023841858,200,5,200,default,naive-kmeans,40:60
32,89,0.5600000023841858,200,5,200,default,naive-kmeans,40:60
32,90,0.5600000023841858,200,5,200,default,naive-kmeans,40:60
32,91,0.5600000023841858,200,5,200,default,naive-kmeans,40:60
32,92,0.5600000023841858,200,5,200,default,naive-kmeans,40:60
32,93,0.5600000023841858,200,5,200,default,naive-kmeans,40:60
32,94,0.5600000023841858,200,5,200,default,naive-kmeans,40:60
32,95,0.5600000023841858,200,5,200,default,naive-kmeans,40:60
32,96,0.5600000023841858,200,5,200,default,naive-kmeans,40:60
32,97,0.5600000023841858,200,5,200,default,naive-kmeans,40:60
32,98,0.5600000023841858,200,5,200,default,naive-kmeans,40:60
32,99,0.5600000023841858,200,5,200,default,naive-kmeans,40:60
33,0,0.5600000023841858,200,5,200,default,naive-kmeans,40:60
33,1,0.5099999904632568,200,5,200,default,naive-kmeans,40:60
33,2,0.5299999713897705,200,5,200,default,naive-kmeans,40:60
33,3,0.5049999952316284,200,5,200,default,naive-kmeans,40:60
33,4,0.5649999976158142,200,5,200,default,naive-kmeans,40:60
33,5,0.5400000214576721,200,5,200,default,naive-kmeans,40:60
33,6,0.5400000214576721,200,5,200,default,naive-kmeans,40:60
33,7,0.5450000166893005,200,5,200,default,naive-kmeans,40:60
33,8,0.5400000214576721,200,5,200,default,naive-kmeans,40:60
33,9,0.5099999904632568,200,5,200,default,naive-kmeans,40:60
33,10,0.5199999809265137,200,5,200,default,naive-kmeans,40:60
33,11,0.5350000262260437,200,5,200,default,naive-kmeans,40:60
33,12,0.5550000071525574,200,5,200,default,naive-kmeans,40:60
33,13,0.5699999928474426,200,5,200,default,naive-kmeans,40:60
33,14,0.5099999904632568,200,5,200,default,naive-kmeans,40:60
33,15,0.5699999928474426,200,5,200,default,naive-kmeans,40:60
33,16,0.5699999928474426,200,5,200,default,naive-kmeans,40:60
33,17,0.5699999928474426,200,5,200,default,naive-kmeans,40:60
33,18,0.5699999928474426,200,5,200,default,naive-kmeans,40:60
33,19,0.5699999928474426,200,5,200,default,naive-kmeans,40:60
33,20,0.5699999928474426,200,5,200,default,naive-kmeans,40:60
33,21,0.5699999928474426,200,5,200,default,naive-kmeans,40:60
33,22,0.5699999928474426,200,5,200,default,naive-kmeans,40:60
33,23,0.5699999928474426,200,5,200,default,naive-kmeans,40:60
33,24,0.5699999928474426,200,5,200,default,naive-kmeans,40:60
33,25,0.5699999928474426,200,5,200,default,naive-kmeans,40:60
33,26,0.5699999928474426,200,5,200,default,naive-kmeans,40:60
33,27,0.5699999928474426,200,5,200,default,naive-kmeans,40:60
33,28,0.5699999928474426,200,5,200,default,naive-kmeans,40:60
33,29,0.5699999928474426,200,5,200,default,naive-kmeans,40:60
33,30,0.5699999928474426,200,5,200,default,naive-kmeans,40:60
33,31,0.5699999928474426,200,5,200,default,naive-kmeans,40:60
33,32,0.5699999928474426,200,5,200,default,naive-kmeans,40:60
33,33,0.5699999928474426,200,5,200,default,naive-kmeans,40:60
33,34,0.5699999928474426,200,5,200,default,naive-kmeans,40:60
33,35,0.5699999928474426,200,5,200,default,naive-kmeans,40:60
33,36,0.5699999928474426,200,5,200,default,naive-kmeans,40:60
33,37,0.5699999928474426,200,5,200,default,naive-kmeans,40:60
33,38,0.5699999928474426,200,5,200,default,naive-kmeans,40:60
33,39,0.5699999928474426,200,5,200,default,naive-kmeans,40:60
33,40,0.5699999928474426,200,5,200,default,naive-kmeans,40:60
33,41,0.5699999928474426,200,5,200,default,naive-kmeans,40:60
33,42,0.5699999928474426,200,5,200,default,naive-kmeans,40:60
33,43,0.5699999928474426,200,5,200,default,naive-kmeans,40:60
33,44,0.5699999928474426,200,5,200,default,naive-kmeans,40:60
33,45,0.5699999928474426,200,5,200,default,naive-kmeans,40:60
33,46,0.5699999928474426,200,5,200,default,naive-kmeans,40:60
33,47,0.5699999928474426,200,5,200,default,naive-kmeans,40:60
33,48,0.5699999928474426,200,5,200,default,naive-kmeans,40:60
33,49,0.5699999928474426,200,5,200,default,naive-kmeans,40:60
33,50,0.5699999928474426,200,5,200,default,naive-kmeans,40:60
33,51,0.5699999928474426,200,5,200,default,naive-kmeans,40:60
33,52,0.5699999928474426,200,5,200,default,naive-kmeans,40:60
33,53,0.5699999928474426,200,5,200,default,naive-kmeans,40:60
33,54,0.5699999928474426,200,5,200,default,naive-kmeans,40:60
33,55,0.5699999928474426,200,5,200,default,naive-kmeans,40:60
33,56,0.5699999928474426,200,5,200,default,naive-kmeans,40:60
33,57,0.5699999928474426,200,5,200,default,naive-kmeans,40:60
33,58,0.5699999928474426,200,5,200,default,naive-kmeans,40:60
33,59,0.5699999928474426,200,5,200,default,naive-kmeans,40:60
33,60,0.5699999928474426,200,5,200,default,naive-kmeans,40:60
33,61,0.5699999928474426,200,5,200,default,naive-kmeans,40:60
33,62,0.5699999928474426,200,5,200,default,naive-kmeans,40:60
33,63,0.5699999928474426,200,5,200,default,naive-kmeans,40:60
33,64,0.5699999928474426,200,5,200,default,naive-kmeans,40:60
33,65,0.5699999928474426,200,5,200,default,naive-kmeans,40:60
33,66,0.5699999928474426,200,5,200,default,naive-kmeans,40:60
33,67,0.5699999928474426,200,5,200,default,naive-kmeans,40:60
33,68,0.5699999928474426,200,5,200,default,naive-kmeans,40:60
33,69,0.5699999928474426,200,5,200,default,naive-kmeans,40:60
33,70,0.5699999928474426,200,5,200,default,naive-kmeans,40:60
33,71,0.5699999928474426,200,5,200,default,naive-kmeans,40:60
33,72,0.5699999928474426,200,5,200,default,naive-kmeans,40:60
33,73,0.5699999928474426,200,5,200,default,naive-kmeans,40:60
33,74,0.5699999928474426,200,5,200,default,naive-kmeans,40:60
33,75,0.5699999928474426,200,5,200,default,naive-kmeans,40:60
33,76,0.5699999928474426,200,5,200,default,naive-kmeans,40:60
33,77,0.5699999928474426,200,5,200,default,naive-kmeans,40:60
33,78,0.5699999928474426,200,5,200,default,naive-kmeans,40:60
33,79,0.5699999928474426,200,5,200,default,naive-kmeans,40:60
33,80,0.5699999928474426,200,5,200,default,naive-kmeans,40:60
33,81,0.5699999928474426,200,5,200,default,naive-kmeans,40:60
33,82,0.5699999928474426,200,5,200,default,naive-kmeans,40:60
33,83,0.5699999928474426,200,5,200,default,naive-kmeans,40:60
33,84,0.5699999928474426,200,5,200,default,naive-kmeans,40:60
33,85,0.5699999928474426,200,5,200,default,naive-kmeans,40:60
33,86,0.5699999928474426,200,5,200,default,naive-kmeans,40:60
33,87,0.5699999928474426,200,5,200,default,naive-kmeans,40:60
33,88,0.5699999928474426,200,5,200,default,naive-kmeans,40:60
33,89,0.5699999928474426,200,5,200,default,naive-kmeans,40:60
33,90,0.5699999928474426,200,5,200,default,naive-kmeans,40:60
33,91,0.5699999928474426,200,5,200,default,naive-kmeans,40:60
33,92,0.5699999928474426,200,5,200,default,naive-kmeans,40:60
33,93,0.5699999928474426,200,5,200,default,naive-kmeans,40:60
33,94,0.5699999928474426,200,5,200,default,naive-kmeans,40:60
33,95,0.5699999928474426,200,5,200,default,naive-kmeans,40:60
33,96,0.5699999928474426,200,5,200,default,naive-kmeans,40:60
33,97,0.5699999928474426,200,5,200,default,naive-kmeans,40:60
33,98,0.5699999928474426,200,5,200,default,naive-kmeans,40:60
33,99,0.5699999928474426,200,5,200,default,naive-kmeans,40:60
34,0,0.5600000023841858,200,5,200,default,naive-kmeans,40:60
34,1,0.5600000023841858,200,5,200,default,naive-kmeans,40:60
34,2,0.5049999952316284,200,5,200,default,naive-kmeans,40:60
34,3,0.5149999856948853,200,5,200,default,naive-kmeans,40:60
34,4,0.5550000071525574,200,5,200,default,naive-kmeans,40:60
34,5,0.5649999976158142,200,5,200,default,naive-kmeans,40:60
34,6,0.5799999833106995,200,5,200,default,naive-kmeans,40:60
34,7,0.5550000071525574,200,5,200,default,naive-kmeans,40:60
34,8,0.5799999833106995,200,5,200,default,naive-kmeans,40:60
34,9,0.5799999833106995,200,5,200,default,naive-kmeans,40:60
34,10,0.5799999833106995,200,5,200,default,naive-kmeans,40:60
34,11,0.5799999833106995,200,5,200,default,naive-kmeans,40:60
34,12,0.5799999833106995,200,5,200,default,naive-kmeans,40:60
34,13,0.5799999833106995,200,5,200,default,naive-kmeans,40:60
34,14,0.5799999833106995,200,5,200,default,naive-kmeans,40:60
34,15,0.5799999833106995,200,5,200,default,naive-kmeans,40:60
34,16,0.5799999833106995,200,5,200,default,naive-kmeans,40:60
34,17,0.5799999833106995,200,5,200,default,naive-kmeans,40:60
34,18,0.5799999833106995,200,5,200,default,naive-kmeans,40:60
34,19,0.5799999833106995,200,5,200,default,naive-kmeans,40:60
34,20,0.5799999833106995,200,5,200,default,naive-kmeans,40:60
34,21,0.5799999833106995,200,5,200,default,naive-kmeans,40:60
34,22,0.5799999833106995,200,5,200,default,naive-kmeans,40:60
34,23,0.5799999833106995,200,5,200,default,naive-kmeans,40:60
34,24,0.5799999833106995,200,5,200,default,naive-kmeans,40:60
34,25,0.5799999833106995,200,5,200,default,naive-kmeans,40:60
34,26,0.5799999833106995,200,5,200,default,naive-kmeans,40:60
34,27,0.5799999833106995,200,5,200,default,naive-kmeans,40:60
34,28,0.5799999833106995,200,5,200,default,naive-kmeans,40:60
34,29,0.5799999833106995,200,5,200,default,naive-kmeans,40:60
34,30,0.5799999833106995,200,5,200,default,naive-kmeans,40:60
34,31,0.5799999833106995,200,5,200,default,naive-kmeans,40:60
34,32,0.5799999833106995,200,5,200,default,naive-kmeans,40:60
34,33,0.5799999833106995,200,5,200,default,naive-kmeans,40:60
34,34,0.5799999833106995,200,5,200,default,naive-kmeans,40:60
34,35,0.5799999833106995,200,5,200,default,naive-kmeans,40:60
34,36,0.5799999833106995,200,5,200,default,naive-kmeans,40:60
34,37,0.5799999833106995,200,5,200,default,naive-kmeans,40:60
34,38,0.5799999833106995,200,5,200,default,naive-kmeans,40:60
34,39,0.5799999833106995,200,5,200,default,naive-kmeans,40:60
34,40,0.5799999833106995,200,5,200,default,naive-kmeans,40:60
34,41,0.5799999833106995,200,5,200,default,naive-kmeans,40:60
34,42,0.5799999833106995,200,5,200,default,naive-kmeans,40:60
34,43,0.5799999833106995,200,5,200,default,naive-kmeans,40:60
34,44,0.5799999833106995,200,5,200,default,naive-kmeans,40:60
34,45,0.5799999833106995,200,5,200,default,naive-kmeans,40:60
34,46,0.5799999833106995,200,5,200,default,naive-kmeans,40:60
34,47,0.5799999833106995,200,5,200,default,naive-kmeans,40:60
34,48,0.5799999833106995,200,5,200,default,naive-kmeans,40:60
34,49,0.5799999833106995,200,5,200,default,naive-kmeans,40:60
34,50,0.5799999833106995,200,5,200,default,naive-kmeans,40:60
34,51,0.5799999833106995,200,5,200,default,naive-kmeans,40:60
34,52,0.5799999833106995,200,5,200,default,naive-kmeans,40:60
34,53,0.5799999833106995,200,5,200,default,naive-kmeans,40:60
34,54,0.5799999833106995,200,5,200,default,naive-kmeans,40:60
34,55,0.5799999833106995,200,5,200,default,naive-kmeans,40:60
34,56,0.5799999833106995,200,5,200,default,naive-kmeans,40:60
34,57,0.5799999833106995,200,5,200,default,naive-kmeans,40:60
34,58,0.5799999833106995,200,5,200,default,naive-kmeans,40:60
34,59,0.5799999833106995,200,5,200,default,naive-kmeans,40:60
34,60,0.5799999833106995,200,5,200,default,naive-kmeans,40:60
34,61,0.5799999833106995,200,5,200,default,naive-kmeans,40:60
34,62,0.5799999833106995,200,5,200,default,naive-kmeans,40:60
34,63,0.5799999833106995,200,5,200,default,naive-kmeans,40:60
34,64,0.5799999833106995,200,5,200,default,naive-kmeans,40:60
34,65,0.5799999833106995,200,5,200,default,naive-kmeans,40:60
34,66,0.5799999833106995,200,5,200,default,naive-kmeans,40:60
34,67,0.5799999833106995,200,5,200,default,naive-kmeans,40:60
34,68,0.5799999833106995,200,5,200,default,naive-kmeans,40:60
34,69,0.5799999833106995,200,5,200,default,naive-kmeans,40:60
34,70,0.5799999833106995,200,5,200,default,naive-kmeans,40:60
34,71,0.5799999833106995,200,5,200,default,naive-kmeans,40:60
34,72,0.5799999833106995,200,5,200,default,naive-kmeans,40:60
34,73,0.5799999833106995,200,5,200,default,naive-kmeans,40:60
34,74,0.5799999833106995,200,5,200,default,naive-kmeans,40:60
34,75,0.5799999833106995,200,5,200,default,naive-kmeans,40:60
34,76,0.5799999833106995,200,5,200,default,naive-kmeans,40:60
34,77,0.5799999833106995,200,5,200,default,naive-kmeans,40:60
34,78,0.5799999833106995,200,5,200,default,naive-kmeans,40:60
34,79,0.5799999833106995,200,5,200,default,naive-kmeans,40:60
34,80,0.5799999833106995,200,5,200,default,naive-kmeans,40:60
34,81,0.5799999833106995,200,5,200,default,naive-kmeans,40:60
34,82,0.5799999833106995,200,5,200,default,naive-kmeans,40:60
34,83,0.5799999833106995,200,5,200,default,naive-kmeans,40:60
34,84,0.5799999833106995,200,5,200,default,naive-kmeans,40:60
34,85,0.5799999833106995,200,5,200,default,naive-kmeans,40:60
34,86,0.5799999833106995,200,5,200,default,naive-kmeans,40:60
34,87,0.5799999833106995,200,5,200,default,naive-kmeans,40:60
34,88,0.5799999833106995,200,5,200,default,naive-kmeans,40:60
34,89,0.5799999833106995,200,5,200,default,naive-kmeans,40:60
34,90,0.5799999833106995,200,5,200,default,naive-kmeans,40:60
34,91,0.5799999833106995,200,5,200,default,naive-kmeans,40:60
34,92,0.5799999833106995,200,5,200,default,naive-kmeans,40:60
34,93,0.5799999833106995,200,5,200,default,naive-kmeans,40:60
34,94,0.5799999833106995,200,5,200,default,naive-kmeans,40:60
34,95,0.5799999833106995,200,5,200,default,naive-kmeans,40:60
34,96,0.5799999833106995,200,5,200,default,naive-kmeans,40:60
34,97,0.5799999833106995,200,5,200,default,naive-kmeans,40:60
34,98,0.5799999833106995,200,5,200,default,naive-kmeans,40:60
34,99,0.5799999833106995,200,5,200,default,naive-kmeans,40:60
35,0,0.5199999809265137,200,5,200,default,naive-kmeans,40:60
35,1,0.5299999713897705,200,5,200,default,naive-kmeans,40:60
35,2,0.5,200,5,200,default,naive-kmeans,40:60
35,3,0.5299999713897705,200,5,200,default,naive-kmeans,40:60
35,4,0.5249999761581421,200,5,200,default,naive-kmeans,40:60
35,5,0.5199999809265137,200,5,200,default,naive-kmeans,40:60
35,6,0.5149999856948853,200,5,200,default,naive-kmeans,40:60
35,7,0.5149999856948853,200,5,200,default,naive-kmeans,40:60
35,8,0.5299999713897705,200,5,200,default,naive-kmeans,40:60
35,9,0.5299999713897705,200,5,200,default,naive-kmeans,40:60
35,10,0.5299999713897705,200,5,200,default,naive-kmeans,40:60
35,11,0.5299999713897705,200,5,200,default,naive-kmeans,40:60
35,12,0.5299999713897705,200,5,200,default,naive-kmeans,40:60
35,13,0.5299999713897705,200,5,200,default,naive-kmeans,40:60
35,14,0.5299999713897705,200,5,200,default,naive-kmeans,40:60
35,15,0.5299999713897705,200,5,200,default,naive-kmeans,40:60
35,16,0.5299999713897705,200,5,200,default,naive-kmeans,40:60
35,17,0.5299999713897705,200,5,200,default,naive-kmeans,40:60
35,18,0.5299999713897705,200,5,200,default,naive-kmeans,40:60
35,19,0.5299999713897705,200,5,200,default,naive-kmeans,40:60
35,20,0.5299999713897705,200,5,200,default,naive-kmeans,40:60
35,21,0.5299999713897705,200,5,200,default,naive-kmeans,40:60
35,22,0.5299999713897705,200,5,200,default,naive-kmeans,40:60
35,23,0.5299999713897705,200,5,200,default,naive-kmeans,40:60
35,24,0.5299999713897705,200,5,200,default,naive-kmeans,40:60
35,25,0.5299999713897705,200,5,200,default,naive-kmeans,40:60
35,26,0.5299999713897705,200,5,200,default,naive-kmeans,40:60
35,27,0.5299999713897705,200,5,200,default,naive-kmeans,40:60
35,28,0.5299999713897705,200,5,200,default,naive-kmeans,40:60
35,29,0.5299999713897705,200,5,200,default,naive-kmeans,40:60
35,30,0.5299999713897705,200,5,200,default,naive-kmeans,40:60
35,31,0.5299999713897705,200,5,200,default,naive-kmeans,40:60
35,32,0.5299999713897705,200,5,200,default,naive-kmeans,40:60
35,33,0.5299999713897705,200,5,200,default,naive-kmeans,40:60
35,34,0.5299999713897705,200,5,200,default,naive-kmeans,40:60
35,35,0.5299999713897705,200,5,200,default,naive-kmeans,40:60
35,36,0.5299999713897705,200,5,200,default,naive-kmeans,40:60
35,37,0.5299999713897705,200,5,200,default,naive-kmeans,40:60
35,38,0.5299999713897705,200,5,200,default,naive-kmeans,40:60
35,39,0.5299999713897705,200,5,200,default,naive-kmeans,40:60
35,40,0.5299999713897705,200,5,200,default,naive-kmeans,40:60
35,41,0.5299999713897705,200,5,200,default,naive-kmeans,40:60
35,42,0.5299999713897705,200,5,200,default,naive-kmeans,40:60
35,43,0.5299999713897705,200,5,200,default,naive-kmeans,40:60
35,44,0.5299999713897705,200,5,200,default,naive-kmeans,40:60
35,45,0.5299999713897705,200,5,200,default,naive-kmeans,40:60
35,46,0.5299999713897705,200,5,200,default,naive-kmeans,40:60
35,47,0.5299999713897705,200,5,200,default,naive-kmeans,40:60
35,48,0.5299999713897705,200,5,200,default,naive-kmeans,40:60
35,49,0.5299999713897705,200,5,200,default,naive-kmeans,40:60
35,50,0.5299999713897705,200,5,200,default,naive-kmeans,40:60
35,51,0.5299999713897705,200,5,200,default,naive-kmeans,40:60
35,52,0.5299999713897705,200,5,200,default,naive-kmeans,40:60
35,53,0.5299999713897705,200,5,200,default,naive-kmeans,40:60
35,54,0.5299999713897705,200,5,200,default,naive-kmeans,40:60
35,55,0.5299999713897705,200,5,200,default,naive-kmeans,40:60
35,56,0.5299999713897705,200,5,200,default,naive-kmeans,40:60
35,57,0.5299999713897705,200,5,200,default,naive-kmeans,40:60
35,58,0.5299999713897705,200,5,200,default,naive-kmeans,40:60
35,59,0.5299999713897705,200,5,200,default,naive-kmeans,40:60
35,60,0.5299999713897705,200,5,200,default,naive-kmeans,40:60
35,61,0.5299999713897705,200,5,200,default,naive-kmeans,40:60
35,62,0.5299999713897705,200,5,200,default,naive-kmeans,40:60
35,63,0.5299999713897705,200,5,200,default,naive-kmeans,40:60
35,64,0.5299999713897705,200,5,200,default,naive-kmeans,40:60
35,65,0.5299999713897705,200,5,200,default,naive-kmeans,40:60
35,66,0.5299999713897705,200,5,200,default,naive-kmeans,40:60
35,67,0.5299999713897705,200,5,200,default,naive-kmeans,40:60
35,68,0.5299999713897705,200,5,200,default,naive-kmeans,40:60
35,69,0.5299999713897705,200,5,200,default,naive-kmeans,40:60
35,70,0.5299999713897705,200,5,200,default,naive-kmeans,40:60
35,71,0.5299999713897705,200,5,200,default,naive-kmeans,40:60
35,72,0.5299999713897705,200,5,200,default,naive-kmeans,40:60
35,73,0.5299999713897705,200,5,200,default,naive-kmeans,40:60
35,74,0.5299999713897705,200,5,200,default,naive-kmeans,40:60
35,75,0.5299999713897705,200,5,200,default,naive-kmeans,40:60
35,76,0.5299999713897705,200,5,200,default,naive-kmeans,40:60
35,77,0.5299999713897705,200,5,200,default,naive-kmeans,40:60
35,78,0.5299999713897705,200,5,200,default,naive-kmeans,40:60
35,79,0.5299999713897705,200,5,200,default,naive-kmeans,40:60
35,80,0.5299999713897705,200,5,200,default,naive-kmeans,40:60
35,81,0.5299999713897705,200,5,200,default,naive-kmeans,40:60
35,82,0.5299999713897705,200,5,200,default,naive-kmeans,40:60
35,83,0.5299999713897705,200,5,200,default,naive-kmeans,40:60
35,84,0.5299999713897705,200,5,200,default,naive-kmeans,40:60
35,85,0.5299999713897705,200,5,200,default,naive-kmeans,40:60
35,86,0.5299999713897705,200,5,200,default,naive-kmeans,40:60
35,87,0.5299999713897705,200,5,200,default,naive-kmeans,40:60
35,88,0.5299999713897705,200,5,200,default,naive-kmeans,40:60
35,89,0.5299999713897705,200,5,200,default,naive-kmeans,40:60
35,90,0.5299999713897705,200,5,200,default,naive-kmeans,40:60
35,91,0.5299999713897705,200,5,200,default,naive-kmeans,40:60
35,92,0.5299999713897705,200,5,200,default,naive-kmeans,40:60
35,93,0.5299999713897705,200,5,200,default,naive-kmeans,40:60
35,94,0.5299999713897705,200,5,200,default,naive-kmeans,40:60
35,95,0.5299999713897705,200,5,200,default,naive-kmeans,40:60
35,96,0.5299999713897705,200,5,200,default,naive-kmeans,40:60
35,97,0.5299999713897705,200,5,200,default,naive-kmeans,40:60
35,98,0.5299999713897705,200,5,200,default,naive-kmeans,40:60
35,99,0.5299999713897705,200,5,200,default,naive-kmeans,40:60
36,0,0.42500001192092896,200,5,200,default,naive-kmeans,40:60
36,1,0.5099999904632568,200,5,200,default,naive-kmeans,40:60
36,2,0.5049999952316284,200,5,200,default,naive-kmeans,40:60
36,3,0.5350000262260437,200,5,200,default,naive-kmeans,40:60
36,4,0.5249999761581421,200,5,200,default,naive-kmeans,40:60
36,5,0.5350000262260437,200,5,200,default,naive-kmeans,40:60
36,6,0.5199999809265137,200,5,200,default,naive-kmeans,40:60
36,7,0.5299999713897705,200,5,200,default,naive-kmeans,40:60
36,8,0.5400000214576721,200,5,200,default,naive-kmeans,40:60
36,9,0.5149999856948853,200,5,200,default,naive-kmeans,40:60
36,10,0.42500001192092896,200,5,200,default,naive-kmeans,40:60
36,11,0.5400000214576721,200,5,200,default,naive-kmeans,40:60
36,12,0.5149999856948853,200,5,200,default,naive-kmeans,40:60
36,13,0.5350000262260437,200,5,200,default,naive-kmeans,40:60
36,14,0.5400000214576721,200,5,200,default,naive-kmeans,40:60
36,15,0.5400000214576721,200,5,200,default,naive-kmeans,40:60
36,16,0.5400000214576721,200,5,200,default,naive-kmeans,40:60
36,17,0.5400000214576721,200,5,200,default,naive-kmeans,40:60
36,18,0.5400000214576721,200,5,200,default,naive-kmeans,40:60
36,19,0.5400000214576721,200,5,200,default,naive-kmeans,40:60
36,20,0.5400000214576721,200,5,200,default,naive-kmeans,40:60
36,21,0.5400000214576721,200,5,200,default,naive-kmeans,40:60
36,22,0.5400000214576721,200,5,200,default,naive-kmeans,40:60
36,23,0.5400000214576721,200,5,200,default,naive-kmeans,40:60
36,24,0.5400000214576721,200,5,200,default,naive-kmeans,40:60
36,25,0.5400000214576721,200,5,200,default,naive-kmeans,40:60
36,26,0.5400000214576721,200,5,200,default,naive-kmeans,40:60
36,27,0.5400000214576721,200,5,200,default,naive-kmeans,40:60
36,28,0.5400000214576721,200,5,200,default,naive-kmeans,40:60
36,29,0.5400000214576721,200,5,200,default,naive-kmeans,40:60
36,30,0.5400000214576721,200,5,200,default,naive-kmeans,40:60
36,31,0.5400000214576721,200,5,200,default,naive-kmeans,40:60
36,32,0.5400000214576721,200,5,200,default,naive-kmeans,40:60
36,33,0.5400000214576721,200,5,200,default,naive-kmeans,40:60
36,34,0.5400000214576721,200,5,200,default,naive-kmeans,40:60
36,35,0.5400000214576721,200,5,200,default,naive-kmeans,40:60
36,36,0.5400000214576721,200,5,200,default,naive-kmeans,40:60
36,37,0.5400000214576721,200,5,200,default,naive-kmeans,40:60
36,38,0.5400000214576721,200,5,200,default,naive-kmeans,40:60
36,39,0.5400000214576721,200,5,200,default,naive-kmeans,40:60
36,40,0.5400000214576721,200,5,200,default,naive-kmeans,40:60
36,41,0.5400000214576721,200,5,200,default,naive-kmeans,40:60
36,42,0.5400000214576721,200,5,200,default,naive-kmeans,40:60
36,43,0.5400000214576721,200,5,200,default,naive-kmeans,40:60
36,44,0.5400000214576721,200,5,200,default,naive-kmeans,40:60
36,45,0.5400000214576721,200,5,200,default,naive-kmeans,40:60
36,46,0.5400000214576721,200,5,200,default,naive-kmeans,40:60
36,47,0.5400000214576721,200,5,200,default,naive-kmeans,40:60
36,48,0.5400000214576721,200,5,200,default,naive-kmeans,40:60
36,49,0.5400000214576721,200,5,200,default,naive-kmeans,40:60
36,50,0.5400000214576721,200,5,200,default,naive-kmeans,40:60
36,51,0.5400000214576721,200,5,200,default,naive-kmeans,40:60
36,52,0.5400000214576721,200,5,200,default,naive-kmeans,40:60
36,53,0.5400000214576721,200,5,200,default,naive-kmeans,40:60
36,54,0.5400000214576721,200,5,200,default,naive-kmeans,40:60
36,55,0.5400000214576721,200,5,200,default,naive-kmeans,40:60
36,56,0.5400000214576721,200,5,200,default,naive-kmeans,40:60
36,57,0.5400000214576721,200,5,200,default,naive-kmeans,40:60
36,58,0.5400000214576721,200,5,200,default,naive-kmeans,40:60
36,59,0.5400000214576721,200,5,200,default,naive-kmeans,40:60
36,60,0.5400000214576721,200,5,200,default,naive-kmeans,40:60
36,61,0.5400000214576721,200,5,200,default,naive-kmeans,40:60
36,62,0.5400000214576721,200,5,200,default,naive-kmeans,40:60
36,63,0.5400000214576721,200,5,200,default,naive-kmeans,40:60
36,64,0.5400000214576721,200,5,200,default,naive-kmeans,40:60
36,65,0.5400000214576721,200,5,200,default,naive-kmeans,40:60
36,66,0.5400000214576721,200,5,200,default,naive-kmeans,40:60
36,67,0.5400000214576721,200,5,200,default,naive-kmeans,40:60
36,68,0.5400000214576721,200,5,200,default,naive-kmeans,40:60
36,69,0.5400000214576721,200,5,200,default,naive-kmeans,40:60
36,70,0.5400000214576721,200,5,200,default,naive-kmeans,40:60
36,71,0.5400000214576721,200,5,200,default,naive-kmeans,40:60
36,72,0.5400000214576721,200,5,200,default,naive-kmeans,40:60
36,73,0.5400000214576721,200,5,200,default,naive-kmeans,40:60
36,74,0.5400000214576721,200,5,200,default,naive-kmeans,40:60
36,75,0.5400000214576721,200,5,200,default,naive-kmeans,40:60
36,76,0.5400000214576721,200,5,200,default,naive-kmeans,40:60
36,77,0.5400000214576721,200,5,200,default,naive-kmeans,40:60
36,78,0.5400000214576721,200,5,200,default,naive-kmeans,40:60
36,79,0.5400000214576721,200,5,200,default,naive-kmeans,40:60
36,80,0.5400000214576721,200,5,200,default,naive-kmeans,40:60
36,81,0.5400000214576721,200,5,200,default,naive-kmeans,40:60
36,82,0.5400000214576721,200,5,200,default,naive-kmeans,40:60
36,83,0.5400000214576721,200,5,200,default,naive-kmeans,40:60
36,84,0.5400000214576721,200,5,200,default,naive-kmeans,40:60
36,85,0.5400000214576721,200,5,200,default,naive-kmeans,40:60
36,86,0.5400000214576721,200,5,200,default,naive-kmeans,40:60
36,87,0.5400000214576721,200,5,200,default,naive-kmeans,40:60
36,88,0.5400000214576721,200,5,200,default,naive-kmeans,40:60
36,89,0.5400000214576721,200,5,200,default,naive-kmeans,40:60
36,90,0.5400000214576721,200,5,200,default,naive-kmeans,40:60
36,91,0.5400000214576721,200,5,200,default,naive-kmeans,40:60
36,92,0.5400000214576721,200,5,200,default,naive-kmeans,40:60
36,93,0.5400000214576721,200,5,200,default,naive-kmeans,40:60
36,94,0.5400000214576721,200,5,200,default,naive-kmeans,40:60
36,95,0.5400000214576721,200,5,200,default,naive-kmeans,40:60
36,96,0.5400000214576721,200,5,200,default,naive-kmeans,40:60
36,97,0.5400000214576721,200,5,200,default,naive-kmeans,40:60
36,98,0.5400000214576721,200,5,200,default,naive-kmeans,40:60
36,99,0.5400000214576721,200,5,200,default,naive-kmeans,40:60
37,0,0.4950000047683716,200,5,200,default,naive-kmeans,40:60
37,1,0.5350000262260437,200,5,200,default,naive-kmeans,40:60
37,2,0.5049999952316284,200,5,200,default,naive-kmeans,40:60
37,3,0.5299999713897705,200,5,200,default,naive-kmeans,40:60
37,4,0.5249999761581421,200,5,200,default,naive-kmeans,40:60
37,5,0.5249999761581421,200,5,200,default,naive-kmeans,40:60
37,6,0.5249999761581421,200,5,200,default,naive-kmeans,40:60
37,7,0.5199999809265137,200,5,200,default,naive-kmeans,40:60
37,8,0.5299999713897705,200,5,200,default,naive-kmeans,40:60
37,9,0.5149999856948853,200,5,200,default,naive-kmeans,40:60
37,10,0.5299999713897705,200,5,200,default,naive-kmeans,40:60
37,11,0.5400000214576721,200,5,200,default,naive-kmeans,40:60
37,12,0.5149999856948853,200,5,200,default,naive-kmeans,40:60
37,13,0.5350000262260437,200,5,200,default,naive-kmeans,40:60
37,14,0.5249999761581421,200,5,200,default,naive-kmeans,40:60
37,15,0.44999998807907104,200,5,200,default,naive-kmeans,40:60
37,16,0.5,200,5,200,default,naive-kmeans,40:60
37,17,0.5249999761581421,200,5,200,default,naive-kmeans,40:60
37,18,0.5400000214576721,200,5,200,default,naive-kmeans,40:60
37,19,0.5400000214576721,200,5,200,default,naive-kmeans,40:60
37,20,0.5400000214576721,200,5,200,default,naive-kmeans,40:60
37,21,0.5400000214576721,200,5,200,default,naive-kmeans,40:60
37,22,0.5400000214576721,200,5,200,default,naive-kmeans,40:60
37,23,0.5400000214576721,200,5,200,default,naive-kmeans,40:60
37,24,0.5400000214576721,200,5,200,default,naive-kmeans,40:60
37,25,0.5400000214576721,200,5,200,default,naive-kmeans,40:60
37,26,0.5400000214576721,200,5,200,default,naive-kmeans,40:60
37,27,0.5400000214576721,200,5,200,default,naive-kmeans,40:60
37,28,0.5400000214576721,200,5,200,default,naive-kmeans,40:60
37,29,0.5400000214576721,200,5,200,default,naive-kmeans,40:60
37,30,0.5400000214576721,200,5,200,default,naive-kmeans,40:60
37,31,0.5400000214576721,200,5,200,default,naive-kmeans,40:60
37,32,0.5400000214576721,200,5,200,default,naive-kmeans,40:60
37,33,0.5400000214576721,200,5,200,default,naive-kmeans,40:60
37,34,0.5400000214576721,200,5,200,default,naive-kmeans,40:60
37,35,0.5400000214576721,200,5,200,default,naive-kmeans,40:60
37,36,0.5400000214576721,200,5,200,default,naive-kmeans,40:60
37,37,0.5400000214576721,200,5,200,default,naive-kmeans,40:60
37,38,0.5400000214576721,200,5,200,default,naive-kmeans,40:60
37,39,0.5400000214576721,200,5,200,default,naive-kmeans,40:60
37,40,0.5400000214576721,200,5,200,default,naive-kmeans,40:60
37,41,0.5400000214576721,200,5,200,default,naive-kmeans,40:60
37,42,0.5400000214576721,200,5,200,default,naive-kmeans,40:60
37,43,0.5400000214576721,200,5,200,default,naive-kmeans,40:60
37,44,0.5400000214576721,200,5,200,default,naive-kmeans,40:60
37,45,0.5400000214576721,200,5,200,default,naive-kmeans,40:60
37,46,0.5400000214576721,200,5,200,default,naive-kmeans,40:60
37,47,0.5400000214576721,200,5,200,default,naive-kmeans,40:60
37,48,0.5400000214576721,200,5,200,default,naive-kmeans,40:60
37,49,0.5400000214576721,200,5,200,default,naive-kmeans,40:60
37,50,0.5400000214576721,200,5,200,default,naive-kmeans,40:60
37,51,0.5400000214576721,200,5,200,default,naive-kmeans,40:60
37,52,0.5400000214576721,200,5,200,default,naive-kmeans,40:60
37,53,0.5400000214576721,200,5,200,default,naive-kmeans,40:60
37,54,0.5400000214576721,200,5,200,default,naive-kmeans,40:60
37,55,0.5400000214576721,200,5,200,default,naive-kmeans,40:60
37,56,0.5400000214576721,200,5,200,default,naive-kmeans,40:60
37,57,0.5400000214576721,200,5,200,default,naive-kmeans,40:60
37,58,0.5400000214576721,200,5,200,default,naive-kmeans,40:60
37,59,0.5400000214576721,200,5,200,default,naive-kmeans,40:60
37,60,0.5400000214576721,200,5,200,default,naive-kmeans,40:60
37,61,0.5400000214576721,200,5,200,default,naive-kmeans,40:60
37,62,0.5400000214576721,200,5,200,default,naive-kmeans,40:60
37,63,0.5400000214576721,200,5,200,default,naive-kmeans,40:60
37,64,0.5400000214576721,200,5,200,default,naive-kmeans,40:60
37,65,0.5400000214576721,200,5,200,default,naive-kmeans,40:60
37,66,0.5400000214576721,200,5,200,default,naive-kmeans,40:60
37,67,0.5400000214576721,200,5,200,default,naive-kmeans,40:60
37,68,0.5400000214576721,200,5,200,default,naive-kmeans,40:60
37,69,0.5400000214576721,200,5,200,default,naive-kmeans,40:60
37,70,0.5400000214576721,200,5,200,default,naive-kmeans,40:60
37,71,0.5400000214576721,200,5,200,default,naive-kmeans,40:60
37,72,0.5400000214576721,200,5,200,default,naive-kmeans,40:60
37,73,0.5400000214576721,200,5,200,default,naive-kmeans,40:60
37,74,0.5400000214576721,200,5,200,default,naive-kmeans,40:60
37,75,0.5400000214576721,200,5,200,default,naive-kmeans,40:60
37,76,0.5400000214576721,200,5,200,default,naive-kmeans,40:60
37,77,0.5400000214576721,200,5,200,default,naive-kmeans,40:60
37,78,0.5400000214576721,200,5,200,default,naive-kmeans,40:60
37,79,0.5400000214576721,200,5,200,default,naive-kmeans,40:60
37,80,0.5400000214576721,200,5,200,default,naive-kmeans,40:60
37,81,0.5400000214576721,200,5,200,default,naive-kmeans,40:60
37,82,0.5400000214576721,200,5,200,default,naive-kmeans,40:60
37,83,0.5400000214576721,200,5,200,default,naive-kmeans,40:60
37,84,0.5400000214576721,200,5,200,default,naive-kmeans,40:60
37,85,0.5400000214576721,200,5,200,default,naive-kmeans,40:60
37,86,0.5400000214576721,200,5,200,default,naive-kmeans,40:60
37,87,0.5400000214576721,200,5,200,default,naive-kmeans,40:60
37,88,0.5400000214576721,200,5,200,default,naive-kmeans,40:60
37,89,0.5400000214576721,200,5,200,default,naive-kmeans,40:60
37,90,0.5400000214576721,200,5,200,default,naive-kmeans,40:60
37,91,0.5400000214576721,200,5,200,default,naive-kmeans,40:60
37,92,0.5400000214576721,200,5,200,default,naive-kmeans,40:60
37,93,0.5400000214576721,200,5,200,default,naive-kmeans,40:60
37,94,0.5400000214576721,200,5,200,default,naive-kmeans,40:60
37,95,0.5400000214576721,200,5,200,default,naive-kmeans,40:60
37,96,0.5400000214576721,200,5,200,default,naive-kmeans,40:60
37,97,0.5400000214576721,200,5,200,default,naive-kmeans,40:60
37,98,0.5400000214576721,200,5,200,default,naive-kmeans,40:60
37,99,0.5400000214576721,200,5,200,default,naive-kmeans,40:60
38,0,0.5199999809265137,200,5,200,default,naive-kmeans,40:60
38,1,0.5249999761581421,200,5,200,default,naive-kmeans,40:60
38,2,0.5199999809265137,200,5,200,default,naive-kmeans,40:60
38,3,0.45500001311302185,200,5,200,default,naive-kmeans,40:60
38,4,0.5149999856948853,200,5,200,default,naive-kmeans,40:60
38,5,0.5249999761581421,200,5,200,default,naive-kmeans,40:60
38,6,0.5249999761581421,200,5,200,default,naive-kmeans,40:60
38,7,0.5249999761581421,200,5,200,default,naive-kmeans,40:60
38,8,0.5249999761581421,200,5,200,default,naive-kmeans,40:60
38,9,0.5249999761581421,200,5,200,default,naive-kmeans,40:60
38,10,0.5249999761581421,200,5,200,default,naive-kmeans,40:60
38,11,0.5249999761581421,200,5,200,default,naive-kmeans,40:60
38,12,0.5249999761581421,200,5,200,default,naive-kmeans,40:60
38,13,0.5249999761581421,200,5,200,default,naive-kmeans,40:60
38,14,0.5249999761581421,200,5,200,default,naive-kmeans,40:60
38,15,0.5249999761581421,200,5,200,default,naive-kmeans,40:60
38,16,0.5249999761581421,200,5,200,default,naive-kmeans,40:60
38,17,0.5249999761581421,200,5,200,default,naive-kmeans,40:60
38,18,0.5249999761581421,200,5,200,default,naive-kmeans,40:60
38,19,0.5249999761581421,200,5,200,default,naive-kmeans,40:60
38,20,0.5249999761581421,200,5,200,default,naive-kmeans,40:60
38,21,0.5249999761581421,200,5,200,default,naive-kmeans,40:60
38,22,0.5249999761581421,200,5,200,default,naive-kmeans,40:60
38,23,0.5249999761581421,200,5,200,default,naive-kmeans,40:60
38,24,0.5249999761581421,200,5,200,default,naive-kmeans,40:60
38,25,0.5249999761581421,200,5,200,default,naive-kmeans,40:60
38,26,0.5249999761581421,200,5,200,default,naive-kmeans,40:60
38,27,0.5249999761581421,200,5,200,default,naive-kmeans,40:60
38,28,0.5249999761581421,200,5,200,default,naive-kmeans,40:60
38,29,0.5249999761581421,200,5,200,default,naive-kmeans,40:60
38,30,0.5249999761581421,200,5,200,default,naive-kmeans,40:60
38,31,0.5249999761581421,200,5,200,default,naive-kmeans,40:60
38,32,0.5249999761581421,200,5,200,default,naive-kmeans,40:60
38,33,0.5249999761581421,200,5,200,default,naive-kmeans,40:60
38,34,0.5249999761581421,200,5,200,default,naive-kmeans,40:60
38,35,0.5249999761581421,200,5,200,default,naive-kmeans,40:60
38,36,0.5249999761581421,200,5,200,default,naive-kmeans,40:60
38,37,0.5249999761581421,200,5,200,default,naive-kmeans,40:60
38,38,0.5249999761581421,200,5,200,default,naive-kmeans,40:60
38,39,0.5249999761581421,200,5,200,default,naive-kmeans,40:60
38,40,0.5249999761581421,200,5,200,default,naive-kmeans,40:60
38,41,0.5249999761581421,200,5,200,default,naive-kmeans,40:60
38,42,0.5249999761581421,200,5,200,default,naive-kmeans,40:60
38,43,0.5249999761581421,200,5,200,default,naive-kmeans,40:60
38,44,0.5249999761581421,200,5,200,default,naive-kmeans,40:60
38,45,0.5249999761581421,200,5,200,default,naive-kmeans,40:60
38,46,0.5249999761581421,200,5,200,default,naive-kmeans,40:60
38,47,0.5249999761581421,200,5,200,default,naive-kmeans,40:60
38,48,0.5249999761581421,200,5,200,default,naive-kmeans,40:60
38,49,0.5249999761581421,200,5,200,default,naive-kmeans,40:60
38,50,0.5249999761581421,200,5,200,default,naive-kmeans,40:60
38,51,0.5249999761581421,200,5,200,default,naive-kmeans,40:60
38,52,0.5249999761581421,200,5,200,default,naive-kmeans,40:60
38,53,0.5249999761581421,200,5,200,default,naive-kmeans,40:60
38,54,0.5249999761581421,200,5,200,default,naive-kmeans,40:60
38,55,0.5249999761581421,200,5,200,default,naive-kmeans,40:60
38,56,0.5249999761581421,200,5,200,default,naive-kmeans,40:60
38,57,0.5249999761581421,200,5,200,default,naive-kmeans,40:60
38,58,0.5249999761581421,200,5,200,default,naive-kmeans,40:60
38,59,0.5249999761581421,200,5,200,default,naive-kmeans,40:60
38,60,0.5249999761581421,200,5,200,default,naive-kmeans,40:60
38,61,0.5249999761581421,200,5,200,default,naive-kmeans,40:60
38,62,0.5249999761581421,200,5,200,default,naive-kmeans,40:60
38,63,0.5249999761581421,200,5,200,default,naive-kmeans,40:60
38,64,0.5249999761581421,200,5,200,default,naive-kmeans,40:60
38,65,0.5249999761581421,200,5,200,default,naive-kmeans,40:60
38,66,0.5249999761581421,200,5,200,default,naive-kmeans,40:60
38,67,0.5249999761581421,200,5,200,default,naive-kmeans,40:60
38,68,0.5249999761581421,200,5,200,default,naive-kmeans,40:60
38,69,0.5249999761581421,200,5,200,default,naive-kmeans,40:60
38,70,0.5249999761581421,200,5,200,default,naive-kmeans,40:60
38,71,0.5249999761581421,200,5,200,default,naive-kmeans,40:60
38,72,0.5249999761581421,200,5,200,default,naive-kmeans,40:60
38,73,0.5249999761581421,200,5,200,default,naive-kmeans,40:60
38,74,0.5249999761581421,200,5,200,default,naive-kmeans,40:60
38,75,0.5249999761581421,200,5,200,default,naive-kmeans,40:60
38,76,0.5249999761581421,200,5,200,default,naive-kmeans,40:60
38,77,0.5249999761581421,200,5,200,default,naive-kmeans,40:60
38,78,0.5249999761581421,200,5,200,default,naive-kmeans,40:60
38,79,0.5249999761581421,200,5,200,default,naive-kmeans,40:60
38,80,0.5249999761581421,200,5,200,default,naive-kmeans,40:60
38,81,0.5249999761581421,200,5,200,default,naive-kmeans,40:60
38,82,0.5249999761581421,200,5,200,default,naive-kmeans,40:60
38,83,0.5249999761581421,200,5,200,default,naive-kmeans,40:60
38,84,0.5249999761581421,200,5,200,default,naive-kmeans,40:60
38,85,0.5249999761581421,200,5,200,default,naive-kmeans,40:60
38,86,0.5249999761581421,200,5,200,default,naive-kmeans,40:60
38,87,0.5249999761581421,200,5,200,default,naive-kmeans,40:60
38,88,0.5249999761581421,200,5,200,default,naive-kmeans,40:60
38,89,0.5249999761581421,200,5,200,default,naive-kmeans,40:60
38,90,0.5249999761581421,200,5,200,default,naive-kmeans,40:60
38,91,0.5249999761581421,200,5,200,default,naive-kmeans,40:60
38,92,0.5249999761581421,200,5,200,default,naive-kmeans,40:60
38,93,0.5249999761581421,200,5,200,default,naive-kmeans,40:60
38,94,0.5249999761581421,200,5,200,default,naive-kmeans,40:60
38,95,0.5249999761581421,200,5,200,default,naive-kmeans,40:60
38,96,0.5249999761581421,200,5,200,default,naive-kmeans,40:60
38,97,0.5249999761581421,200,5,200,default,naive-kmeans,40:60
38,98,0.5249999761581421,200,5,200,default,naive-kmeans,40:60
38,99,0.5249999761581421,200,5,200,default,naive-kmeans,40:60
39,0,0.4950000047683716,200,5,200,default,naive-kmeans,40:60
39,1,0.5249999761581421,200,5,200,default,naive-kmeans,40:60
39,2,0.5199999809265137,200,5,200,default,naive-kmeans,40:60
39,3,0.5249999761581421,200,5,200,default,naive-kmeans,40:60
39,4,0.5199999809265137,200,5,200,default,naive-kmeans,40:60
39,5,0.5249999761581421,200,5,200,default,naive-kmeans,40:60
39,6,0.5249999761581421,200,5,200,default,naive-kmeans,40:60
39,7,0.41999998688697815,200,5,200,default,naive-kmeans,40:60
39,8,0.5249999761581421,200,5,200,default,naive-kmeans,40:60
39,9,0.5249999761581421,200,5,200,default,naive-kmeans,40:60
39,10,0.5249999761581421,200,5,200,default,naive-kmeans,40:60
39,11,0.5249999761581421,200,5,200,default,naive-kmeans,40:60
39,12,0.5249999761581421,200,5,200,default,naive-kmeans,40:60
39,13,0.5249999761581421,200,5,200,default,naive-kmeans,40:60
39,14,0.5249999761581421,200,5,200,default,naive-kmeans,40:60
39,15,0.5249999761581421,200,5,200,default,naive-kmeans,40:60
39,16,0.5249999761581421,200,5,200,default,naive-kmeans,40:60
39,17,0.5249999761581421,200,5,200,default,naive-kmeans,40:60
39,18,0.5249999761581421,200,5,200,default,naive-kmeans,40:60
39,19,0.5249999761581421,200,5,200,default,naive-kmeans,40:60
39,20,0.5249999761581421,200,5,200,default,naive-kmeans,40:60
39,21,0.5249999761581421,200,5,200,default,naive-kmeans,40:60
39,22,0.5249999761581421,200,5,200,default,naive-kmeans,40:60
39,23,0.5249999761581421,200,5,200,default,naive-kmeans,40:60
39,24,0.5249999761581421,200,5,200,default,naive-kmeans,40:60
39,25,0.5249999761581421,200,5,200,default,naive-kmeans,40:60
39,26,0.5249999761581421,200,5,200,default,naive-kmeans,40:60
39,27,0.5249999761581421,200,5,200,default,naive-kmeans,40:60
39,28,0.5249999761581421,200,5,200,default,naive-kmeans,40:60
39,29,0.5249999761581421,200,5,200,default,naive-kmeans,40:60
39,30,0.5249999761581421,200,5,200,default,naive-kmeans,40:60
39,31,0.5249999761581421,200,5,200,default,naive-kmeans,40:60
39,32,0.5249999761581421,200,5,200,default,naive-kmeans,40:60
39,33,0.5249999761581421,200,5,200,default,naive-kmeans,40:60
39,34,0.5249999761581421,200,5,200,default,naive-kmeans,40:60
39,35,0.5249999761581421,200,5,200,default,naive-kmeans,40:60
39,36,0.5249999761581421,200,5,200,default,naive-kmeans,40:60
39,37,0.5249999761581421,200,5,200,default,naive-kmeans,40:60
39,38,0.5249999761581421,200,5,200,default,naive-kmeans,40:60
39,39,0.5249999761581421,200,5,200,default,naive-kmeans,40:60
39,40,0.5249999761581421,200,5,200,default,naive-kmeans,40:60
39,41,0.5249999761581421,200,5,200,default,naive-kmeans,40:60
39,42,0.5249999761581421,200,5,200,default,naive-kmeans,40:60
39,43,0.5249999761581421,200,5,200,default,naive-kmeans,40:60
39,44,0.5249999761581421,200,5,200,default,naive-kmeans,40:60
39,45,0.5249999761581421,200,5,200,default,naive-kmeans,40:60
39,46,0.5249999761581421,200,5,200,default,naive-kmeans,40:60
39,47,0.5249999761581421,200,5,200,default,naive-kmeans,40:60
39,48,0.5249999761581421,200,5,200,default,naive-kmeans,40:60
39,49,0.5249999761581421,200,5,200,default,naive-kmeans,40:60
39,50,0.5249999761581421,200,5,200,default,naive-kmeans,40:60
39,51,0.5249999761581421,200,5,200,default,naive-kmeans,40:60
39,52,0.5249999761581421,200,5,200,default,naive-kmeans,40:60
39,53,0.5249999761581421,200,5,200,default,naive-kmeans,40:60
39,54,0.5249999761581421,200,5,200,default,naive-kmeans,40:60
39,55,0.5249999761581421,200,5,200,default,naive-kmeans,40:60
39,56,0.5249999761581421,200,5,200,default,naive-kmeans,40:60
39,57,0.5249999761581421,200,5,200,default,naive-kmeans,40:60
39,58,0.5249999761581421,200,5,200,default,naive-kmeans,40:60
39,59,0.5249999761581421,200,5,200,default,naive-kmeans,40:60
39,60,0.5249999761581421,200,5,200,default,naive-kmeans,40:60
39,61,0.5249999761581421,200,5,200,default,naive-kmeans,40:60
39,62,0.5249999761581421,200,5,200,default,naive-kmeans,40:60
39,63,0.5249999761581421,200,5,200,default,naive-kmeans,40:60
39,64,0.5249999761581421,200,5,200,default,naive-kmeans,40:60
39,65,0.5249999761581421,200,5,200,default,naive-kmeans,40:60
39,66,0.5249999761581421,200,5,200,default,naive-kmeans,40:60
39,67,0.5249999761581421,200,5,200,default,naive-kmeans,40:60
39,68,0.5249999761581421,200,5,200,default,naive-kmeans,40:60
39,69,0.5249999761581421,200,5,200,default,naive-kmeans,40:60
39,70,0.5249999761581421,200,5,200,default,naive-kmeans,40:60
39,71,0.5249999761581421,200,5,200,default,naive-kmeans,40:60
39,72,0.5249999761581421,200,5,200,default,naive-kmeans,40:60
39,73,0.5249999761581421,200,5,200,default,naive-kmeans,40:60
39,74,0.5249999761581421,200,5,200,default,naive-kmeans,40:60
39,75,0.5249999761581421,200,5,200,default,naive-kmeans,40:60
39,76,0.5249999761581421,200,5,200,default,naive-kmeans,40:60
39,77,0.5249999761581421,200,5,200,default,naive-kmeans,40:60
39,78,0.5249999761581421,200,5,200,default,naive-kmeans,40:60
39,79,0.5249999761581421,200,5,200,default,naive-kmeans,40:60
39,80,0.5249999761581421,200,5,200,default,naive-kmeans,40:60
39,81,0.5249999761581421,200,5,200,default,naive-kmeans,40:60
39,82,0.5249999761581421,200,5,200,default,naive-kmeans,40:60
39,83,0.5249999761581421,200,5,200,default,naive-kmeans,40:60
39,84,0.5249999761581421,200,5,200,default,naive-kmeans,40:60
39,85,0.5249999761581421,200,5,200,default,naive-kmeans,40:60
39,86,0.5249999761581421,200,5,200,default,naive-kmeans,40:60
39,87,0.5249999761581421,200,5,200,default,naive-kmeans,40:60
39,88,0.5249999761581421,200,5,200,default,naive-kmeans,40:60
39,89,0.5249999761581421,200,5,200,default,naive-kmeans,40:60
39,90,0.5249999761581421,200,5,200,default,naive-kmeans,40:60
39,91,0.5249999761581421,200,5,200,default,naive-kmeans,40:60
39,92,0.5249999761581421,200,5,200,default,naive-kmeans,40:60
39,93,0.5249999761581421,200,5,200,default,naive-kmeans,40:60
39,94,0.5249999761581421,200,5,200,default,naive-kmeans,40:60
39,95,0.5249999761581421,200,5,200,default,naive-kmeans,40:60
39,96,0.5249999761581421,200,5,200,default,naive-kmeans,40:60
39,97,0.5249999761581421,200,5,200,default,naive-kmeans,40:60
39,98,0.5249999761581421,200,5,200,default,naive-kmeans,40:60
39,99,0.5249999761581421,200,5,200,default,naive-kmeans,40:60
40,0,0.46000000834465027,200,5,200,default,naive-kmeans,40:60
40,1,0.45500001311302185,200,5,200,default,naive-kmeans,40:60
40,2,0.4749999940395355,200,5,200,default,naive-kmeans,40:60
40,3,0.46000000834465027,200,5,200,default,naive-kmeans,40:60
40,4,0.4749999940395355,200,5,200,default,naive-kmeans,40:60
40,5,0.4749999940395355,200,5,200,default,naive-kmeans,40:60
40,6,0.4749999940395355,200,5,200,default,naive-kmeans,40:60
40,7,0.4749999940395355,200,5,200,default,naive-kmeans,40:60
40,8,0.4749999940395355,200,5,200,default,naive-kmeans,40:60
40,9,0.4749999940395355,200,5,200,default,naive-kmeans,40:60
40,10,0.4749999940395355,200,5,200,default,naive-kmeans,40:60
40,11,0.4749999940395355,200,5,200,default,naive-kmeans,40:60
40,12,0.4749999940395355,200,5,200,default,naive-kmeans,40:60
40,13,0.4749999940395355,200,5,200,default,naive-kmeans,40:60
40,14,0.4749999940395355,200,5,200,default,naive-kmeans,40:60
40,15,0.4749999940395355,200,5,200,default,naive-kmeans,40:60
40,16,0.4749999940395355,200,5,200,default,naive-kmeans,40:60
40,17,0.4749999940395355,200,5,200,default,naive-kmeans,40:60
40,18,0.4749999940395355,200,5,200,default,naive-kmeans,40:60
40,19,0.4749999940395355,200,5,200,default,naive-kmeans,40:60
40,20,0.4749999940395355,200,5,200,default,naive-kmeans,40:60
40,21,0.4749999940395355,200,5,200,default,naive-kmeans,40:60
40,22,0.4749999940395355,200,5,200,default,naive-kmeans,40:60
40,23,0.4749999940395355,200,5,200,default,naive-kmeans,40:60
40,24,0.4749999940395355,200,5,200,default,naive-kmeans,40:60
40,25,0.4749999940395355,200,5,200,default,naive-kmeans,40:60
40,26,0.4749999940395355,200,5,200,default,naive-kmeans,40:60
40,27,0.4749999940395355,200,5,200,default,naive-kmeans,40:60
40,28,0.4749999940395355,200,5,200,default,naive-kmeans,40:60
40,29,0.4749999940395355,200,5,200,default,naive-kmeans,40:60
40,30,0.4749999940395355,200,5,200,default,naive-kmeans,40:60
40,31,0.4749999940395355,200,5,200,default,naive-kmeans,40:60
40,32,0.4749999940395355,200,5,200,default,naive-kmeans,40:60
40,33,0.4749999940395355,200,5,200,default,naive-kmeans,40:60
40,34,0.4749999940395355,200,5,200,default,naive-kmeans,40:60
40,35,0.4749999940395355,200,5,200,default,naive-kmeans,40:60
40,36,0.4749999940395355,200,5,200,default,naive-kmeans,40:60
40,37,0.4749999940395355,200,5,200,default,naive-kmeans,40:60
40,38,0.4749999940395355,200,5,200,default,naive-kmeans,40:60
40,39,0.4749999940395355,200,5,200,default,naive-kmeans,40:60
40,40,0.4749999940395355,200,5,200,default,naive-kmeans,40:60
40,41,0.4749999940395355,200,5,200,default,naive-kmeans,40:60
40,42,0.4749999940395355,200,5,200,default,naive-kmeans,40:60
40,43,0.4749999940395355,200,5,200,default,naive-kmeans,40:60
40,44,0.4749999940395355,200,5,200,default,naive-kmeans,40:60
40,45,0.4749999940395355,200,5,200,default,naive-kmeans,40:60
40,46,0.4749999940395355,200,5,200,default,naive-kmeans,40:60
40,47,0.4749999940395355,200,5,200,default,naive-kmeans,40:60
40,48,0.4749999940395355,200,5,200,default,naive-kmeans,40:60
40,49,0.4749999940395355,200,5,200,default,naive-kmeans,40:60
40,50,0.4749999940395355,200,5,200,default,naive-kmeans,40:60
40,51,0.4749999940395355,200,5,200,default,naive-kmeans,40:60
40,52,0.4749999940395355,200,5,200,default,naive-kmeans,40:60
40,53,0.4749999940395355,200,5,200,default,naive-kmeans,40:60
40,54,0.4749999940395355,200,5,200,default,naive-kmeans,40:60
40,55,0.4749999940395355,200,5,200,default,naive-kmeans,40:60
40,56,0.4749999940395355,200,5,200,default,naive-kmeans,40:60
40,57,0.4749999940395355,200,5,200,default,naive-kmeans,40:60
40,58,0.4749999940395355,200,5,200,default,naive-kmeans,40:60
40,59,0.4749999940395355,200,5,200,default,naive-kmeans,40:60
40,60,0.4749999940395355,200,5,200,default,naive-kmeans,40:60
40,61,0.4749999940395355,200,5,200,default,naive-kmeans,40:60
40,62,0.4749999940395355,200,5,200,default,naive-kmeans,40:60
40,63,0.4749999940395355,200,5,200,default,naive-kmeans,40:60
40,64,0.4749999940395355,200,5,200,default,naive-kmeans,40:60
40,65,0.4749999940395355,200,5,200,default,naive-kmeans,40:60
40,66,0.4749999940395355,200,5,200,default,naive-kmeans,40:60
40,67,0.4749999940395355,200,5,200,default,naive-kmeans,40:60
40,68,0.4749999940395355,200,5,200,default,naive-kmeans,40:60
40,69,0.4749999940395355,200,5,200,default,naive-kmeans,40:60
40,70,0.4749999940395355,200,5,200,default,naive-kmeans,40:60
40,71,0.4749999940395355,200,5,200,default,naive-kmeans,40:60
40,72,0.4749999940395355,200,5,200,default,naive-kmeans,40:60
40,73,0.4749999940395355,200,5,200,default,naive-kmeans,40:60
40,74,0.4749999940395355,200,5,200,default,naive-kmeans,40:60
40,75,0.4749999940395355,200,5,200,default,naive-kmeans,40:60
40,76,0.4749999940395355,200,5,200,default,naive-kmeans,40:60
40,77,0.4749999940395355,200,5,200,default,naive-kmeans,40:60
40,78,0.4749999940395355,200,5,200,default,naive-kmeans,40:60
40,79,0.4749999940395355,200,5,200,default,naive-kmeans,40:60
40,80,0.4749999940395355,200,5,200,default,naive-kmeans,40:60
40,81,0.4749999940395355,200,5,200,default,naive-kmeans,40:60
40,82,0.4749999940395355,200,5,200,default,naive-kmeans,40:60
40,83,0.4749999940395355,200,5,200,default,naive-kmeans,40:60
40,84,0.4749999940395355,200,5,200,default,naive-kmeans,40:60
40,85,0.4749999940395355,200,5,200,default,naive-kmeans,40:60
40,86,0.4749999940395355,200,5,200,default,naive-kmeans,40:60
40,87,0.4749999940395355,200,5,200,default,naive-kmeans,40:60
40,88,0.4749999940395355,200,5,200,default,naive-kmeans,40:60
40,89,0.4749999940395355,200,5,200,default,naive-kmeans,40:60
40,90,0.4749999940395355,200,5,200,default,naive-kmeans,40:60
40,91,0.4749999940395355,200,5,200,default,naive-kmeans,40:60
40,92,0.4749999940395355,200,5,200,default,naive-kmeans,40:60
40,93,0.4749999940395355,200,5,200,default,naive-kmeans,40:60
40,94,0.4749999940395355,200,5,200,default,naive-kmeans,40:60
40,95,0.4749999940395355,200,5,200,default,naive-kmeans,40:60
40,96,0.4749999940395355,200,5,200,default,naive-kmeans,40:60
40,97,0.4749999940395355,200,5,200,default,naive-kmeans,40:60
40,98,0.4749999940395355,200,5,200,default,naive-kmeans,40:60
40,99,0.4749999940395355,200,5,200,default,naive-kmeans,40:60
41,0,0.4399999976158142,200,5,200,default,naive-kmeans,40:60
41,1,0.46000000834465027,200,5,200,default,naive-kmeans,40:60
41,2,0.45500001311302185,200,5,200,default,naive-kmeans,40:60
41,3,0.44999998807907104,200,5,200,default,naive-kmeans,40:60
41,4,0.4699999988079071,200,5,200,default,naive-kmeans,40:60
41,5,0.4699999988079071,200,5,200,default,naive-kmeans,40:60
41,6,0.4699999988079071,200,5,200,default,naive-kmeans,40:60
41,7,0.4699999988079071,200,5,200,default,naive-kmeans,40:60
41,8,0.4699999988079071,200,5,200,default,naive-kmeans,40:60
41,9,0.4699999988079071,200,5,200,default,naive-kmeans,40:60
41,10,0.4699999988079071,200,5,200,default,naive-kmeans,40:60
41,11,0.4699999988079071,200,5,200,default,naive-kmeans,40:60
41,12,0.4699999988079071,200,5,200,default,naive-kmeans,40:60
41,13,0.4699999988079071,200,5,200,default,naive-kmeans,40:60
41,14,0.4699999988079071,200,5,200,default,naive-kmeans,40:60
41,15,0.4699999988079071,200,5,200,default,naive-kmeans,40:60
41,16,0.4699999988079071,200,5,200,default,naive-kmeans,40:60
41,17,0.4699999988079071,200,5,200,default,naive-kmeans,40:60
41,18,0.4699999988079071,200,5,200,default,naive-kmeans,40:60
41,19,0.4699999988079071,200,5,200,default,naive-kmeans,40:60
41,20,0.4699999988079071,200,5,200,default,naive-kmeans,40:60
41,21,0.4699999988079071,200,5,200,default,naive-kmeans,40:60
41,22,0.4699999988079071,200,5,200,default,naive-kmeans,40:60
41,23,0.4699999988079071,200,5,200,default,naive-kmeans,40:60
41,24,0.4699999988079071,200,5,200,default,naive-kmeans,40:60
41,25,0.4699999988079071,200,5,200,default,naive-kmeans,40:60
41,26,0.4699999988079071,200,5,200,default,naive-kmeans,40:60
41,27,0.4699999988079071,200,5,200,default,naive-kmeans,40:60
41,28,0.4699999988079071,200,5,200,default,naive-kmeans,40:60
41,29,0.4699999988079071,200,5,200,default,naive-kmeans,40:60
41,30,0.4699999988079071,200,5,200,default,naive-kmeans,40:60
41,31,0.4699999988079071,200,5,200,default,naive-kmeans,40:60
41,32,0.4699999988079071,200,5,200,default,naive-kmeans,40:60
41,33,0.4699999988079071,200,5,200,default,naive-kmeans,40:60
41,34,0.4699999988079071,200,5,200,default,naive-kmeans,40:60
41,35,0.4699999988079071,200,5,200,default,naive-kmeans,40:60
41,36,0.4699999988079071,200,5,200,default,naive-kmeans,40:60
41,37,0.4699999988079071,200,5,200,default,naive-kmeans,40:60
41,38,0.4699999988079071,200,5,200,default,naive-kmeans,40:60
41,39,0.4699999988079071,200,5,200,default,naive-kmeans,40:60
41,40,0.4699999988079071,200,5,200,default,naive-kmeans,40:60
41,41,0.4699999988079071,200,5,200,default,naive-kmeans,40:60
41,42,0.4699999988079071,200,5,200,default,naive-kmeans,40:60
41,43,0.4699999988079071,200,5,200,default,naive-kmeans,40:60
41,44,0.4699999988079071,200,5,200,default,naive-kmeans,40:60
41,45,0.4699999988079071,200,5,200,default,naive-kmeans,40:60
41,46,0.4699999988079071,200,5,200,default,naive-kmeans,40:60
41,47,0.4699999988079071,200,5,200,default,naive-kmeans,40:60
41,48,0.4699999988079071,200,5,200,default,naive-kmeans,40:60
41,49,0.4699999988079071,200,5,200,default,naive-kmeans,40:60
41,50,0.4699999988079071,200,5,200,default,naive-kmeans,40:60
41,51,0.4699999988079071,200,5,200,default,naive-kmeans,40:60
41,52,0.4699999988079071,200,5,200,default,naive-kmeans,40:60
41,53,0.4699999988079071,200,5,200,default,naive-kmeans,40:60
41,54,0.4699999988079071,200,5,200,default,naive-kmeans,40:60
41,55,0.4699999988079071,200,5,200,default,naive-kmeans,40:60
41,56,0.4699999988079071,200,5,200,default,naive-kmeans,40:60
41,57,0.4699999988079071,200,5,200,default,naive-kmeans,40:60
41,58,0.4699999988079071,200,5,200,default,naive-kmeans,40:60
41,59,0.4699999988079071,200,5,200,default,naive-kmeans,40:60
41,60,0.4699999988079071,200,5,200,default,naive-kmeans,40:60
41,61,0.4699999988079071,200,5,200,default,naive-kmeans,40:60
41,62,0.4699999988079071,200,5,200,default,naive-kmeans,40:60
41,63,0.4699999988079071,200,5,200,default,naive-kmeans,40:60
41,64,0.4699999988079071,200,5,200,default,naive-kmeans,40:60
41,65,0.4699999988079071,200,5,200,default,naive-kmeans,40:60
41,66,0.4699999988079071,200,5,200,default,naive-kmeans,40:60
41,67,0.4699999988079071,200,5,200,default,naive-kmeans,40:60
41,68,0.4699999988079071,200,5,200,default,naive-kmeans,40:60
41,69,0.4699999988079071,200,5,200,default,naive-kmeans,40:60
41,70,0.4699999988079071,200,5,200,default,naive-kmeans,40:60
41,71,0.4699999988079071,200,5,200,default,naive-kmeans,40:60
41,72,0.4699999988079071,200,5,200,default,naive-kmeans,40:60
41,73,0.4699999988079071,200,5,200,default,naive-kmeans,40:60
41,74,0.4699999988079071,200,5,200,default,naive-kmeans,40:60
41,75,0.4699999988079071,200,5,200,default,naive-kmeans,40:60
41,76,0.4699999988079071,200,5,200,default,naive-kmeans,40:60
41,77,0.4699999988079071,200,5,200,default,naive-kmeans,40:60
41,78,0.4699999988079071,200,5,200,default,naive-kmeans,40:60
41,79,0.4699999988079071,200,5,200,default,naive-kmeans,40:60
41,80,0.4699999988079071,200,5,200,default,naive-kmeans,40:60
41,81,0.4699999988079071,200,5,200,default,naive-kmeans,40:60
41,82,0.4699999988079071,200,5,200,default,naive-kmeans,40:60
41,83,0.4699999988079071,200,5,200,default,naive-kmeans,40:60
41,84,0.4699999988079071,200,5,200,default,naive-kmeans,40:60
41,85,0.4699999988079071,200,5,200,default,naive-kmeans,40:60
41,86,0.4699999988079071,200,5,200,default,naive-kmeans,40:60
41,87,0.4699999988079071,200,5,200,default,naive-kmeans,40:60
41,88,0.4699999988079071,200,5,200,default,naive-kmeans,40:60
41,89,0.4699999988079071,200,5,200,default,naive-kmeans,40:60
41,90,0.4699999988079071,200,5,200,default,naive-kmeans,40:60
41,91,0.4699999988079071,200,5,200,default,naive-kmeans,40:60
41,92,0.4699999988079071,200,5,200,default,naive-kmeans,40:60
41,93,0.4699999988079071,200,5,200,default,naive-kmeans,40:60
41,94,0.4699999988079071,200,5,200,default,naive-kmeans,40:60
41,95,0.4699999988079071,200,5,200,default,naive-kmeans,40:60
41,96,0.4699999988079071,200,5,200,default,naive-kmeans,40:60
41,97,0.4699999988079071,200,5,200,default,naive-kmeans,40:60
41,98,0.4699999988079071,200,5,200,default,naive-kmeans,40:60
41,99,0.4699999988079071,200,5,200,default,naive-kmeans,40:60
42,0,0.46000000834465027,200,5,200,default,naive-kmeans,40:60
42,1,0.44999998807907104,200,5,200,default,naive-kmeans,40:60
42,2,0.4699999988079071,200,5,200,default,naive-kmeans,40:60
42,3,0.4699999988079071,200,5,200,default,naive-kmeans,40:60
42,4,0.4300000071525574,200,5,200,default,naive-kmeans,40:60
42,5,0.4699999988079071,200,5,200,default,naive-kmeans,40:60
42,6,0.4699999988079071,200,5,200,default,naive-kmeans,40:60
42,7,0.4699999988079071,200,5,200,default,naive-kmeans,40:60
42,8,0.4699999988079071,200,5,200,default,naive-kmeans,40:60
42,9,0.4699999988079071,200,5,200,default,naive-kmeans,40:60
42,10,0.4699999988079071,200,5,200,default,naive-kmeans,40:60
42,11,0.4699999988079071,200,5,200,default,naive-kmeans,40:60
42,12,0.4699999988079071,200,5,200,default,naive-kmeans,40:60
42,13,0.4699999988079071,200,5,200,default,naive-kmeans,40:60
42,14,0.4699999988079071,200,5,200,default,naive-kmeans,40:60
42,15,0.4699999988079071,200,5,200,default,naive-kmeans,40:60
42,16,0.4699999988079071,200,5,200,default,naive-kmeans,40:60
42,17,0.4699999988079071,200,5,200,default,naive-kmeans,40:60
42,18,0.4699999988079071,200,5,200,default,naive-kmeans,40:60
42,19,0.4699999988079071,200,5,200,default,naive-kmeans,40:60
42,20,0.4699999988079071,200,5,200,default,naive-kmeans,40:60
42,21,0.4699999988079071,200,5,200,default,naive-kmeans,40:60
42,22,0.4699999988079071,200,5,200,default,naive-kmeans,40:60
42,23,0.4699999988079071,200,5,200,default,naive-kmeans,40:60
42,24,0.4699999988079071,200,5,200,default,naive-kmeans,40:60
42,25,0.4699999988079071,200,5,200,default,naive-kmeans,40:60
42,26,0.4699999988079071,200,5,200,default,naive-kmeans,40:60
42,27,0.4699999988079071,200,5,200,default,naive-kmeans,40:60
42,28,0.4699999988079071,200,5,200,default,naive-kmeans,40:60
42,29,0.4699999988079071,200,5,200,default,naive-kmeans,40:60
42,30,0.4699999988079071,200,5,200,default,naive-kmeans,40:60
42,31,0.4699999988079071,200,5,200,default,naive-kmeans,40:60
42,32,0.4699999988079071,200,5,200,default,naive-kmeans,40:60
42,33,0.4699999988079071,200,5,200,default,naive-kmeans,40:60
42,34,0.4699999988079071,200,5,200,default,naive-kmeans,40:60
42,35,0.4699999988079071,200,5,200,default,naive-kmeans,40:60
42,36,0.4699999988079071,200,5,200,default,naive-kmeans,40:60
42,37,0.4699999988079071,200,5,200,default,naive-kmeans,40:60
42,38,0.4699999988079071,200,5,200,default,naive-kmeans,40:60
42,39,0.4699999988079071,200,5,200,default,naive-kmeans,40:60
42,40,0.4699999988079071,200,5,200,default,naive-kmeans,40:60
42,41,0.4699999988079071,200,5,200,default,naive-kmeans,40:60
42,42,0.4699999988079071,200,5,200,default,naive-kmeans,40:60
42,43,0.4699999988079071,200,5,200,default,naive-kmeans,40:60
42,44,0.4699999988079071,200,5,200,default,naive-kmeans,40:60
42,45,0.4699999988079071,200,5,200,default,naive-kmeans,40:60
42,46,0.4699999988079071,200,5,200,default,naive-kmeans,40:60
42,47,0.4699999988079071,200,5,200,default,naive-kmeans,40:60
42,48,0.4699999988079071,200,5,200,default,naive-kmeans,40:60
42,49,0.4699999988079071,200,5,200,default,naive-kmeans,40:60
42,50,0.4699999988079071,200,5,200,default,naive-kmeans,40:60
42,51,0.4699999988079071,200,5,200,default,naive-kmeans,40:60
42,52,0.4699999988079071,200,5,200,default,naive-kmeans,40:60
42,53,0.4699999988079071,200,5,200,default,naive-kmeans,40:60
42,54,0.4699999988079071,200,5,200,default,naive-kmeans,40:60
42,55,0.4699999988079071,200,5,200,default,naive-kmeans,40:60
42,56,0.4699999988079071,200,5,200,default,naive-kmeans,40:60
42,57,0.4699999988079071,200,5,200,default,naive-kmeans,40:60
42,58,0.4699999988079071,200,5,200,default,naive-kmeans,40:60
42,59,0.4699999988079071,200,5,200,default,naive-kmeans,40:60
42,60,0.4699999988079071,200,5,200,default,naive-kmeans,40:60
42,61,0.4699999988079071,200,5,200,default,naive-kmeans,40:60
42,62,0.4699999988079071,200,5,200,default,naive-kmeans,40:60
42,63,0.4699999988079071,200,5,200,default,naive-kmeans,40:60
42,64,0.4699999988079071,200,5,200,default,naive-kmeans,40:60
42,65,0.4699999988079071,200,5,200,default,naive-kmeans,40:60
42,66,0.4699999988079071,200,5,200,default,naive-kmeans,40:60
42,67,0.4699999988079071,200,5,200,default,naive-kmeans,40:60
42,68,0.4699999988079071,200,5,200,default,naive-kmeans,40:60
42,69,0.4699999988079071,200,5,200,default,naive-kmeans,40:60
42,70,0.4699999988079071,200,5,200,default,naive-kmeans,40:60
42,71,0.4699999988079071,200,5,200,default,naive-kmeans,40:60
42,72,0.4699999988079071,200,5,200,default,naive-kmeans,40:60
42,73,0.4699999988079071,200,5,200,default,naive-kmeans,40:60
42,74,0.4699999988079071,200,5,200,default,naive-kmeans,40:60
42,75,0.4699999988079071,200,5,200,default,naive-kmeans,40:60
42,76,0.4699999988079071,200,5,200,default,naive-kmeans,40:60
42,77,0.4699999988079071,200,5,200,default,naive-kmeans,40:60
42,78,0.4699999988079071,200,5,200,default,naive-kmeans,40:60
42,79,0.4699999988079071,200,5,200,default,naive-kmeans,40:60
42,80,0.4699999988079071,200,5,200,default,naive-kmeans,40:60
42,81,0.4699999988079071,200,5,200,default,naive-kmeans,40:60
42,82,0.4699999988079071,200,5,200,default,naive-kmeans,40:60
42,83,0.4699999988079071,200,5,200,default,naive-kmeans,40:60
42,84,0.4699999988079071,200,5,200,default,naive-kmeans,40:60
42,85,0.4699999988079071,200,5,200,default,naive-kmeans,40:60
42,86,0.4699999988079071,200,5,200,default,naive-kmeans,40:60
42,87,0.4699999988079071,200,5,200,default,naive-kmeans,40:60
42,88,0.4699999988079071,200,5,200,default,naive-kmeans,40:60
42,89,0.4699999988079071,200,5,200,default,naive-kmeans,40:60
42,90,0.4699999988079071,200,5,200,default,naive-kmeans,40:60
42,91,0.4699999988079071,200,5,200,default,naive-kmeans,40:60
42,92,0.4699999988079071,200,5,200,default,naive-kmeans,40:60
42,93,0.4699999988079071,200,5,200,default,naive-kmeans,40:60
42,94,0.4699999988079071,200,5,200,default,naive-kmeans,40:60
42,95,0.4699999988079071,200,5,200,default,naive-kmeans,40:60
42,96,0.4699999988079071,200,5,200,default,naive-kmeans,40:60
42,97,0.4699999988079071,200,5,200,default,naive-kmeans,40:60
42,98,0.4699999988079071,200,5,200,default,naive-kmeans,40:60
42,99,0.4699999988079071,200,5,200,default,naive-kmeans,40:60
43,0,0.4650000035762787,200,5,200,default,naive-kmeans,40:60
43,1,0.44999998807907104,200,5,200,default,naive-kmeans,40:60
43,2,0.4650000035762787,200,5,200,default,naive-kmeans,40:60
43,3,0.4650000035762787,200,5,200,default,naive-kmeans,40:60
43,4,0.4650000035762787,200,5,200,default,naive-kmeans,40:60
43,5,0.4650000035762787,200,5,200,default,naive-kmeans,40:60
43,6,0.4650000035762787,200,5,200,default,naive-kmeans,40:60
43,7,0.4650000035762787,200,5,200,default,naive-kmeans,40:60
43,8,0.4650000035762787,200,5,200,default,naive-kmeans,40:60
43,9,0.4650000035762787,200,5,200,default,naive-kmeans,40:60
43,10,0.4650000035762787,200,5,200,default,naive-kmeans,40:60
43,11,0.4650000035762787,200,5,200,default,naive-kmeans,40:60
43,12,0.4650000035762787,200,5,200,default,naive-kmeans,40:60
43,13,0.4650000035762787,200,5,200,default,naive-kmeans,40:60
43,14,0.4650000035762787,200,5,200,default,naive-kmeans,40:60
43,15,0.4650000035762787,200,5,200,default,naive-kmeans,40:60
43,16,0.4650000035762787,200,5,200,default,naive-kmeans,40:60
43,17,0.4650000035762787,200,5,200,default,naive-kmeans,40:60
43,18,0.4650000035762787,200,5,200,default,naive-kmeans,40:60
43,19,0.4650000035762787,200,5,200,default,naive-kmeans,40:60
43,20,0.4650000035762787,200,5,200,default,naive-kmeans,40:60
43,21,0.4650000035762787,200,5,200,default,naive-kmeans,40:60
43,22,0.4650000035762787,200,5,200,default,naive-kmeans,40:60
43,23,0.4650000035762787,200,5,200,default,naive-kmeans,40:60
43,24,0.4650000035762787,200,5,200,default,naive-kmeans,40:60
43,25,0.4650000035762787,200,5,200,default,naive-kmeans,40:60
43,26,0.4650000035762787,200,5,200,default,naive-kmeans,40:60
43,27,0.4650000035762787,200,5,200,default,naive-kmeans,40:60
43,28,0.4650000035762787,200,5,200,default,naive-kmeans,40:60
43,29,0.4650000035762787,200,5,200,default,naive-kmeans,40:60
43,30,0.4650000035762787,200,5,200,default,naive-kmeans,40:60
43,31,0.4650000035762787,200,5,200,default,naive-kmeans,40:60
43,32,0.4650000035762787,200,5,200,default,naive-kmeans,40:60
43,33,0.4650000035762787,200,5,200,default,naive-kmeans,40:60
43,34,0.4650000035762787,200,5,200,default,naive-kmeans,40:60
43,35,0.4650000035762787,200,5,200,default,naive-kmeans,40:60
43,36,0.4650000035762787,200,5,200,default,naive-kmeans,40:60
43,37,0.4650000035762787,200,5,200,default,naive-kmeans,40:60
43,38,0.4650000035762787,200,5,200,default,naive-kmeans,40:60
43,39,0.4650000035762787,200,5,200,default,naive-kmeans,40:60
43,40,0.4650000035762787,200,5,200,default,naive-kmeans,40:60
43,41,0.4650000035762787,200,5,200,default,naive-kmeans,40:60
43,42,0.4650000035762787,200,5,200,default,naive-kmeans,40:60
43,43,0.4650000035762787,200,5,200,default,naive-kmeans,40:60
43,44,0.4650000035762787,200,5,200,default,naive-kmeans,40:60
43,45,0.4650000035762787,200,5,200,default,naive-kmeans,40:60
43,46,0.4650000035762787,200,5,200,default,naive-kmeans,40:60
43,47,0.4650000035762787,200,5,200,default,naive-kmeans,40:60
43,48,0.4650000035762787,200,5,200,default,naive-kmeans,40:60
43,49,0.4650000035762787,200,5,200,default,naive-kmeans,40:60
43,50,0.4650000035762787,200,5,200,default,naive-kmeans,40:60
43,51,0.4650000035762787,200,5,200,default,naive-kmeans,40:60
43,52,0.4650000035762787,200,5,200,default,naive-kmeans,40:60
43,53,0.4650000035762787,200,5,200,default,naive-kmeans,40:60
43,54,0.4650000035762787,200,5,200,default,naive-kmeans,40:60
43,55,0.4650000035762787,200,5,200,default,naive-kmeans,40:60
43,56,0.4650000035762787,200,5,200,default,naive-kmeans,40:60
43,57,0.4650000035762787,200,5,200,default,naive-kmeans,40:60
43,58,0.4650000035762787,200,5,200,default,naive-kmeans,40:60
43,59,0.4650000035762787,200,5,200,default,naive-kmeans,40:60
43,60,0.4650000035762787,200,5,200,default,naive-kmeans,40:60
43,61,0.4650000035762787,200,5,200,default,naive-kmeans,40:60
43,62,0.4650000035762787,200,5,200,default,naive-kmeans,40:60
43,63,0.4650000035762787,200,5,200,default,naive-kmeans,40:60
43,64,0.4650000035762787,200,5,200,default,naive-kmeans,40:60
43,65,0.4650000035762787,200,5,200,default,naive-kmeans,40:60
43,66,0.4650000035762787,200,5,200,default,naive-kmeans,40:60
43,67,0.4650000035762787,200,5,200,default,naive-kmeans,40:60
43,68,0.4650000035762787,200,5,200,default,naive-kmeans,40:60
43,69,0.4650000035762787,200,5,200,default,naive-kmeans,40:60
43,70,0.4650000035762787,200,5,200,default,naive-kmeans,40:60
43,71,0.4650000035762787,200,5,200,default,naive-kmeans,40:60
43,72,0.4650000035762787,200,5,200,default,naive-kmeans,40:60
43,73,0.4650000035762787,200,5,200,default,naive-kmeans,40:60
43,74,0.4650000035762787,200,5,200,default,naive-kmeans,40:60
43,75,0.4650000035762787,200,5,200,default,naive-kmeans,40:60
43,76,0.4650000035762787,200,5,200,default,naive-kmeans,40:60
43,77,0.4650000035762787,200,5,200,default,naive-kmeans,40:60
43,78,0.4650000035762787,200,5,200,default,naive-kmeans,40:60
43,79,0.4650000035762787,200,5,200,default,naive-kmeans,40:60
43,80,0.4650000035762787,200,5,200,default,naive-kmeans,40:60
43,81,0.4650000035762787,200,5,200,default,naive-kmeans,40:60
43,82,0.4650000035762787,200,5,200,default,naive-kmeans,40:60
43,83,0.4650000035762787,200,5,200,default,naive-kmeans,40:60
43,84,0.4650000035762787,200,5,200,default,naive-kmeans,40:60
43,85,0.4650000035762787,200,5,200,default,naive-kmeans,40:60
43,86,0.4650000035762787,200,5,200,default,naive-kmeans,40:60
43,87,0.4650000035762787,200,5,200,default,naive-kmeans,40:60
43,88,0.4650000035762787,200,5,200,default,naive-kmeans,40:60
43,89,0.4650000035762787,200,5,200,default,naive-kmeans,40:60
43,90,0.4650000035762787,200,5,200,default,naive-kmeans,40:60
43,91,0.4650000035762787,200,5,200,default,naive-kmeans,40:60
43,92,0.4650000035762787,200,5,200,default,naive-kmeans,40:60
43,93,0.4650000035762787,200,5,200,default,naive-kmeans,40:60
43,94,0.4650000035762787,200,5,200,default,naive-kmeans,40:60
43,95,0.4650000035762787,200,5,200,default,naive-kmeans,40:60
43,96,0.4650000035762787,200,5,200,default,naive-kmeans,40:60
43,97,0.4650000035762787,200,5,200,default,naive-kmeans,40:60
43,98,0.4650000035762787,200,5,200,default,naive-kmeans,40:60
43,99,0.4650000035762787,200,5,200,default,naive-kmeans,40:60
44,0,0.4449999928474426,200,5,200,default,naive-kmeans,40:60
44,1,0.44999998807907104,200,5,200,default,naive-kmeans,40:60
44,2,0.45500001311302185,200,5,200,default,naive-kmeans,40:60
44,3,0.47999998927116394,200,5,200,default,naive-kmeans,40:60
44,4,0.47999998927116394,200,5,200,default,naive-kmeans,40:60
44,5,0.47999998927116394,200,5,200,default,naive-kmeans,40:60
44,6,0.47999998927116394,200,5,200,default,naive-kmeans,40:60
44,7,0.47999998927116394,200,5,200,default,naive-kmeans,40:60
44,8,0.47999998927116394,200,5,200,default,naive-kmeans,40:60
44,9,0.47999998927116394,200,5,200,default,naive-kmeans,40:60
44,10,0.47999998927116394,200,5,200,default,naive-kmeans,40:60
44,11,0.47999998927116394,200,5,200,default,naive-kmeans,40:60
44,12,0.47999998927116394,200,5,200,default,naive-kmeans,40:60
44,13,0.47999998927116394,200,5,200,default,naive-kmeans,40:60
44,14,0.47999998927116394,200,5,200,default,naive-kmeans,40:60
44,15,0.47999998927116394,200,5,200,default,naive-kmeans,40:60
44,16,0.47999998927116394,200,5,200,default,naive-kmeans,40:60
44,17,0.47999998927116394,200,5,200,default,naive-kmeans,40:60
44,18,0.47999998927116394,200,5,200,default,naive-kmeans,40:60
44,19,0.47999998927116394,200,5,200,default,naive-kmeans,40:60
44,20,0.47999998927116394,200,5,200,default,naive-kmeans,40:60
44,21,0.47999998927116394,200,5,200,default,naive-kmeans,40:60
44,22,0.47999998927116394,200,5,200,default,naive-kmeans,40:60
44,23,0.47999998927116394,200,5,200,default,naive-kmeans,40:60
44,24,0.47999998927116394,200,5,200,default,naive-kmeans,40:60
44,25,0.47999998927116394,200,5,200,default,naive-kmeans,40:60
44,26,0.47999998927116394,200,5,200,default,naive-kmeans,40:60
44,27,0.47999998927116394,200,5,200,default,naive-kmeans,40:60
44,28,0.47999998927116394,200,5,200,default,naive-kmeans,40:60
44,29,0.47999998927116394,200,5,200,default,naive-kmeans,40:60
44,30,0.47999998927116394,200,5,200,default,naive-kmeans,40:60
44,31,0.47999998927116394,200,5,200,default,naive-kmeans,40:60
44,32,0.47999998927116394,200,5,200,default,naive-kmeans,40:60
44,33,0.47999998927116394,200,5,200,default,naive-kmeans,40:60
44,34,0.47999998927116394,200,5,200,default,naive-kmeans,40:60
44,35,0.47999998927116394,200,5,200,default,naive-kmeans,40:60
44,36,0.47999998927116394,200,5,200,default,naive-kmeans,40:60
44,37,0.47999998927116394,200,5,200,default,naive-kmeans,40:60
44,38,0.47999998927116394,200,5,200,default,naive-kmeans,40:60
44,39,0.47999998927116394,200,5,200,default,naive-kmeans,40:60
44,40,0.47999998927116394,200,5,200,default,naive-kmeans,40:60
44,41,0.47999998927116394,200,5,200,default,naive-kmeans,40:60
44,42,0.47999998927116394,200,5,200,default,naive-kmeans,40:60
44,43,0.47999998927116394,200,5,200,default,naive-kmeans,40:60
44,44,0.47999998927116394,200,5,200,default,naive-kmeans,40:60
44,45,0.47999998927116394,200,5,200,default,naive-kmeans,40:60
44,46,0.47999998927116394,200,5,200,default,naive-kmeans,40:60
44,47,0.47999998927116394,200,5,200,default,naive-kmeans,40:60
44,48,0.47999998927116394,200,5,200,default,naive-kmeans,40:60
44,49,0.47999998927116394,200,5,200,default,naive-kmeans,40:60
44,50,0.47999998927116394,200,5,200,default,naive-kmeans,40:60
44,51,0.47999998927116394,200,5,200,default,naive-kmeans,40:60
44,52,0.47999998927116394,200,5,200,default,naive-kmeans,40:60
44,53,0.47999998927116394,200,5,200,default,naive-kmeans,40:60
44,54,0.47999998927116394,200,5,200,default,naive-kmeans,40:60
44,55,0.47999998927116394,200,5,200,default,naive-kmeans,40:60
44,56,0.47999998927116394,200,5,200,default,naive-kmeans,40:60
44,57,0.47999998927116394,200,5,200,default,naive-kmeans,40:60
44,58,0.47999998927116394,200,5,200,default,naive-kmeans,40:60
44,59,0.47999998927116394,200,5,200,default,naive-kmeans,40:60
44,60,0.47999998927116394,200,5,200,default,naive-kmeans,40:60
44,61,0.47999998927116394,200,5,200,default,naive-kmeans,40:60
44,62,0.47999998927116394,200,5,200,default,naive-kmeans,40:60
44,63,0.47999998927116394,200,5,200,default,naive-kmeans,40:60
44,64,0.47999998927116394,200,5,200,default,naive-kmeans,40:60
44,65,0.47999998927116394,200,5,200,default,naive-kmeans,40:60
44,66,0.47999998927116394,200,5,200,default,naive-kmeans,40:60
44,67,0.47999998927116394,200,5,200,default,naive-kmeans,40:60
44,68,0.47999998927116394,200,5,200,default,naive-kmeans,40:60
44,69,0.47999998927116394,200,5,200,default,naive-kmeans,40:60
44,70,0.47999998927116394,200,5,200,default,naive-kmeans,40:60
44,71,0.47999998927116394,200,5,200,default,naive-kmeans,40:60
44,72,0.47999998927116394,200,5,200,default,naive-kmeans,40:60
44,73,0.47999998927116394,200,5,200,default,naive-kmeans,40:60
44,74,0.47999998927116394,200,5,200,default,naive-kmeans,40:60
44,75,0.47999998927116394,200,5,200,default,naive-kmeans,40:60
44,76,0.47999998927116394,200,5,200,default,naive-kmeans,40:60
44,77,0.47999998927116394,200,5,200,default,naive-kmeans,40:60
44,78,0.47999998927116394,200,5,200,default,naive-kmeans,40:60
44,79,0.47999998927116394,200,5,200,default,naive-kmeans,40:60
44,80,0.47999998927116394,200,5,200,default,naive-kmeans,40:60
44,81,0.47999998927116394,200,5,200,default,naive-kmeans,40:60
44,82,0.47999998927116394,200,5,200,default,naive-kmeans,40:60
44,83,0.47999998927116394,200,5,200,default,naive-kmeans,40:60
44,84,0.47999998927116394,200,5,200,default,naive-kmeans,40:60
44,85,0.47999998927116394,200,5,200,default,naive-kmeans,40:60
44,86,0.47999998927116394,200,5,200,default,naive-kmeans,40:60
44,87,0.47999998927116394,200,5,200,default,naive-kmeans,40:60
44,88,0.47999998927116394,200,5,200,default,naive-kmeans,40:60
44,89,0.47999998927116394,200,5,200,default,naive-kmeans,40:60
44,90,0.47999998927116394,200,5,200,default,naive-kmeans,40:60
44,91,0.47999998927116394,200,5,200,default,naive-kmeans,40:60
44,92,0.47999998927116394,200,5,200,default,naive-kmeans,40:60
44,93,0.47999998927116394,200,5,200,default,naive-kmeans,40:60
44,94,0.47999998927116394,200,5,200,default,naive-kmeans,40:60
44,95,0.47999998927116394,200,5,200,default,naive-kmeans,40:60
44,96,0.47999998927116394,200,5,200,default,naive-kmeans,40:60
44,97,0.47999998927116394,200,5,200,default,naive-kmeans,40:60
44,98,0.47999998927116394,200,5,200,default,naive-kmeans,40:60
44,99,0.47999998927116394,200,5,200,default,naive-kmeans,40:60
45,0,0.4699999988079071,200,5,200,default,naive-kmeans,40:60
45,1,0.4650000035762787,200,5,200,default,naive-kmeans,40:60
45,2,0.4699999988079071,200,5,200,default,naive-kmeans,40:60
45,3,0.4399999976158142,200,5,200,default,naive-kmeans,40:60
45,4,0.46000000834465027,200,5,200,default,naive-kmeans,40:60
45,5,0.44999998807907104,200,5,200,default,naive-kmeans,40:60
45,6,0.4699999988079071,200,5,200,default,naive-kmeans,40:60
45,7,0.4699999988079071,200,5,200,default,naive-kmeans,40:60
45,8,0.4699999988079071,200,5,200,default,naive-kmeans,40:60
45,9,0.4699999988079071,200,5,200,default,naive-kmeans,40:60
45,10,0.4699999988079071,200,5,200,default,naive-kmeans,40:60
45,11,0.4699999988079071,200,5,200,default,naive-kmeans,40:60
45,12,0.4699999988079071,200,5,200,default,naive-kmeans,40:60
45,13,0.4699999988079071,200,5,200,default,naive-kmeans,40:60
45,14,0.4699999988079071,200,5,200,default,naive-kmeans,40:60
45,15,0.4699999988079071,200,5,200,default,naive-kmeans,40:60
45,16,0.4699999988079071,200,5,200,default,naive-kmeans,40:60
45,17,0.4699999988079071,200,5,200,default,naive-kmeans,40:60
45,18,0.4699999988079071,200,5,200,default,naive-kmeans,40:60
45,19,0.4699999988079071,200,5,200,default,naive-kmeans,40:60
45,20,0.4699999988079071,200,5,200,default,naive-kmeans,40:60
45,21,0.4699999988079071,200,5,200,default,naive-kmeans,40:60
45,22,0.4699999988079071,200,5,200,default,naive-kmeans,40:60
45,23,0.4699999988079071,200,5,200,default,naive-kmeans,40:60
45,24,0.4699999988079071,200,5,200,default,naive-kmeans,40:60
45,25,0.4699999988079071,200,5,200,default,naive-kmeans,40:60
45,26,0.4699999988079071,200,5,200,default,naive-kmeans,40:60
45,27,0.4699999988079071,200,5,200,default,naive-kmeans,40:60
45,28,0.4699999988079071,200,5,200,default,naive-kmeans,40:60
45,29,0.4699999988079071,200,5,200,default,naive-kmeans,40:60
45,30,0.4699999988079071,200,5,200,default,naive-kmeans,40:60
45,31,0.4699999988079071,200,5,200,default,naive-kmeans,40:60
45,32,0.4699999988079071,200,5,200,default,naive-kmeans,40:60
45,33,0.4699999988079071,200,5,200,default,naive-kmeans,40:60
45,34,0.4699999988079071,200,5,200,default,naive-kmeans,40:60
45,35,0.4699999988079071,200,5,200,default,naive-kmeans,40:60
45,36,0.4699999988079071,200,5,200,default,naive-kmeans,40:60
45,37,0.4699999988079071,200,5,200,default,naive-kmeans,40:60
45,38,0.4699999988079071,200,5,200,default,naive-kmeans,40:60
45,39,0.4699999988079071,200,5,200,default,naive-kmeans,40:60
45,40,0.4699999988079071,200,5,200,default,naive-kmeans,40:60
45,41,0.4699999988079071,200,5,200,default,naive-kmeans,40:60
45,42,0.4699999988079071,200,5,200,default,naive-kmeans,40:60
45,43,0.4699999988079071,200,5,200,default,naive-kmeans,40:60
45,44,0.4699999988079071,200,5,200,default,naive-kmeans,40:60
45,45,0.4699999988079071,200,5,200,default,naive-kmeans,40:60
45,46,0.4699999988079071,200,5,200,default,naive-kmeans,40:60
45,47,0.4699999988079071,200,5,200,default,naive-kmeans,40:60
45,48,0.4699999988079071,200,5,200,default,naive-kmeans,40:60
45,49,0.4699999988079071,200,5,200,default,naive-kmeans,40:60
45,50,0.4699999988079071,200,5,200,default,naive-kmeans,40:60
45,51,0.4699999988079071,200,5,200,default,naive-kmeans,40:60
45,52,0.4699999988079071,200,5,200,default,naive-kmeans,40:60
45,53,0.4699999988079071,200,5,200,default,naive-kmeans,40:60
45,54,0.4699999988079071,200,5,200,default,naive-kmeans,40:60
45,55,0.4699999988079071,200,5,200,default,naive-kmeans,40:60
45,56,0.4699999988079071,200,5,200,default,naive-kmeans,40:60
45,57,0.4699999988079071,200,5,200,default,naive-kmeans,40:60
45,58,0.4699999988079071,200,5,200,default,naive-kmeans,40:60
45,59,0.4699999988079071,200,5,200,default,naive-kmeans,40:60
45,60,0.4699999988079071,200,5,200,default,naive-kmeans,40:60
45,61,0.4699999988079071,200,5,200,default,naive-kmeans,40:60
45,62,0.4699999988079071,200,5,200,default,naive-kmeans,40:60
45,63,0.4699999988079071,200,5,200,default,naive-kmeans,40:60
45,64,0.4699999988079071,200,5,200,default,naive-kmeans,40:60
45,65,0.4699999988079071,200,5,200,default,naive-kmeans,40:60
45,66,0.4699999988079071,200,5,200,default,naive-kmeans,40:60
45,67,0.4699999988079071,200,5,200,default,naive-kmeans,40:60
45,68,0.4699999988079071,200,5,200,default,naive-kmeans,40:60
45,69,0.4699999988079071,200,5,200,default,naive-kmeans,40:60
45,70,0.4699999988079071,200,5,200,default,naive-kmeans,40:60
45,71,0.4699999988079071,200,5,200,default,naive-kmeans,40:60
45,72,0.4699999988079071,200,5,200,default,naive-kmeans,40:60
45,73,0.4699999988079071,200,5,200,default,naive-kmeans,40:60
45,74,0.4699999988079071,200,5,200,default,naive-kmeans,40:60
45,75,0.4699999988079071,200,5,200,default,naive-kmeans,40:60
45,76,0.4699999988079071,200,5,200,default,naive-kmeans,40:60
45,77,0.4699999988079071,200,5,200,default,naive-kmeans,40:60
45,78,0.4699999988079071,200,5,200,default,naive-kmeans,40:60
45,79,0.4699999988079071,200,5,200,default,naive-kmeans,40:60
45,80,0.4699999988079071,200,5,200,default,naive-kmeans,40:60
45,81,0.4699999988079071,200,5,200,default,naive-kmeans,40:60
45,82,0.4699999988079071,200,5,200,default,naive-kmeans,40:60
45,83,0.4699999988079071,200,5,200,default,naive-kmeans,40:60
45,84,0.4699999988079071,200,5,200,default,naive-kmeans,40:60
45,85,0.4699999988079071,200,5,200,default,naive-kmeans,40:60
45,86,0.4699999988079071,200,5,200,default,naive-kmeans,40:60
45,87,0.4699999988079071,200,5,200,default,naive-kmeans,40:60
45,88,0.4699999988079071,200,5,200,default,naive-kmeans,40:60
45,89,0.4699999988079071,200,5,200,default,naive-kmeans,40:60
45,90,0.4699999988079071,200,5,200,default,naive-kmeans,40:60
45,91,0.4699999988079071,200,5,200,default,naive-kmeans,40:60
45,92,0.4699999988079071,200,5,200,default,naive-kmeans,40:60
45,93,0.4699999988079071,200,5,200,default,naive-kmeans,40:60
45,94,0.4699999988079071,200,5,200,default,naive-kmeans,40:60
45,95,0.4699999988079071,200,5,200,default,naive-kmeans,40:60
45,96,0.4699999988079071,200,5,200,default,naive-kmeans,40:60
45,97,0.4699999988079071,200,5,200,default,naive-kmeans,40:60
45,98,0.4699999988079071,200,5,200,default,naive-kmeans,40:60
45,99,0.4699999988079071,200,5,200,default,naive-kmeans,40:60
46,0,0.4650000035762787,200,5,200,default,naive-kmeans,40:60
46,1,0.48500001430511475,200,5,200,default,naive-kmeans,40:60
46,2,0.48500001430511475,200,5,200,default,naive-kmeans,40:60
46,3,0.48500001430511475,200,5,200,default,naive-kmeans,40:60
46,4,0.48500001430511475,200,5,200,default,naive-kmeans,40:60
46,5,0.48500001430511475,200,5,200,default,naive-kmeans,40:60
46,6,0.48500001430511475,200,5,200,default,naive-kmeans,40:60
46,7,0.48500001430511475,200,5,200,default,naive-kmeans,40:60
46,8,0.48500001430511475,200,5,200,default,naive-kmeans,40:60
46,9,0.48500001430511475,200,5,200,default,naive-kmeans,40:60
46,10,0.48500001430511475,200,5,200,default,naive-kmeans,40:60
46,11,0.48500001430511475,200,5,200,default,naive-kmeans,40:60
46,12,0.48500001430511475,200,5,200,default,naive-kmeans,40:60
46,13,0.48500001430511475,200,5,200,default,naive-kmeans,40:60
46,14,0.48500001430511475,200,5,200,default,naive-kmeans,40:60
46,15,0.48500001430511475,200,5,200,default,naive-kmeans,40:60
46,16,0.48500001430511475,200,5,200,default,naive-kmeans,40:60
46,17,0.48500001430511475,200,5,200,default,naive-kmeans,40:60
46,18,0.48500001430511475,200,5,200,default,naive-kmeans,40:60
46,19,0.48500001430511475,200,5,200,default,naive-kmeans,40:60
46,20,0.48500001430511475,200,5,200,default,naive-kmeans,40:60
46,21,0.48500001430511475,200,5,200,default,naive-kmeans,40:60
46,22,0.48500001430511475,200,5,200,default,naive-kmeans,40:60
46,23,0.48500001430511475,200,5,200,default,naive-kmeans,40:60
46,24,0.48500001430511475,200,5,200,default,naive-kmeans,40:60
46,25,0.48500001430511475,200,5,200,default,naive-kmeans,40:60
46,26,0.48500001430511475,200,5,200,default,naive-kmeans,40:60
46,27,0.48500001430511475,200,5,200,default,naive-kmeans,40:60
46,28,0.48500001430511475,200,5,200,default,naive-kmeans,40:60
46,29,0.48500001430511475,200,5,200,default,naive-kmeans,40:60
46,30,0.48500001430511475,200,5,200,default,naive-kmeans,40:60
46,31,0.48500001430511475,200,5,200,default,naive-kmeans,40:60
46,32,0.48500001430511475,200,5,200,default,naive-kmeans,40:60
46,33,0.48500001430511475,200,5,200,default,naive-kmeans,40:60
46,34,0.48500001430511475,200,5,200,default,naive-kmeans,40:60
46,35,0.48500001430511475,200,5,200,default,naive-kmeans,40:60
46,36,0.48500001430511475,200,5,200,default,naive-kmeans,40:60
46,37,0.48500001430511475,200,5,200,default,naive-kmeans,40:60
46,38,0.48500001430511475,200,5,200,default,naive-kmeans,40:60
46,39,0.48500001430511475,200,5,200,default,naive-kmeans,40:60
46,40,0.48500001430511475,200,5,200,default,naive-kmeans,40:60
46,41,0.48500001430511475,200,5,200,default,naive-kmeans,40:60
46,42,0.48500001430511475,200,5,200,default,naive-kmeans,40:60
46,43,0.48500001430511475,200,5,200,default,naive-kmeans,40:60
46,44,0.48500001430511475,200,5,200,default,naive-kmeans,40:60
46,45,0.48500001430511475,200,5,200,default,naive-kmeans,40:60
46,46,0.48500001430511475,200,5,200,default,naive-kmeans,40:60
46,47,0.48500001430511475,200,5,200,default,naive-kmeans,40:60
46,48,0.48500001430511475,200,5,200,default,naive-kmeans,40:60
46,49,0.48500001430511475,200,5,200,default,naive-kmeans,40:60
46,50,0.48500001430511475,200,5,200,default,naive-kmeans,40:60
46,51,0.48500001430511475,200,5,200,default,naive-kmeans,40:60
46,52,0.48500001430511475,200,5,200,default,naive-kmeans,40:60
46,53,0.48500001430511475,200,5,200,default,naive-kmeans,40:60
46,54,0.48500001430511475,200,5,200,default,naive-kmeans,40:60
46,55,0.48500001430511475,200,5,200,default,naive-kmeans,40:60
46,56,0.48500001430511475,200,5,200,default,naive-kmeans,40:60
46,57,0.48500001430511475,200,5,200,default,naive-kmeans,40:60
46,58,0.48500001430511475,200,5,200,default,naive-kmeans,40:60
46,59,0.48500001430511475,200,5,200,default,naive-kmeans,40:60
46,60,0.48500001430511475,200,5,200,default,naive-kmeans,40:60
46,61,0.48500001430511475,200,5,200,default,naive-kmeans,40:60
46,62,0.48500001430511475,200,5,200,default,naive-kmeans,40:60
46,63,0.48500001430511475,200,5,200,default,naive-kmeans,40:60
46,64,0.48500001430511475,200,5,200,default,naive-kmeans,40:60
46,65,0.48500001430511475,200,5,200,default,naive-kmeans,40:60
46,66,0.48500001430511475,200,5,200,default,naive-kmeans,40:60
46,67,0.48500001430511475,200,5,200,default,naive-kmeans,40:60
46,68,0.48500001430511475,200,5,200,default,naive-kmeans,40:60
46,69,0.48500001430511475,200,5,200,default,naive-kmeans,40:60
46,70,0.48500001430511475,200,5,200,default,naive-kmeans,40:60
46,71,0.48500001430511475,200,5,200,default,naive-kmeans,40:60
46,72,0.48500001430511475,200,5,200,default,naive-kmeans,40:60
46,73,0.48500001430511475,200,5,200,default,naive-kmeans,40:60
46,74,0.48500001430511475,200,5,200,default,naive-kmeans,40:60
46,75,0.48500001430511475,200,5,200,default,naive-kmeans,40:60
46,76,0.48500001430511475,200,5,200,default,naive-kmeans,40:60
46,77,0.48500001430511475,200,5,200,default,naive-kmeans,40:60
46,78,0.48500001430511475,200,5,200,default,naive-kmeans,40:60
46,79,0.48500001430511475,200,5,200,default,naive-kmeans,40:60
46,80,0.48500001430511475,200,5,200,default,naive-kmeans,40:60
46,81,0.48500001430511475,200,5,200,default,naive-kmeans,40:60
46,82,0.48500001430511475,200,5,200,default,naive-kmeans,40:60
46,83,0.48500001430511475,200,5,200,default,naive-kmeans,40:60
46,84,0.48500001430511475,200,5,200,default,naive-kmeans,40:60
46,85,0.48500001430511475,200,5,200,default,naive-kmeans,40:60
46,86,0.48500001430511475,200,5,200,default,naive-kmeans,40:60
46,87,0.48500001430511475,200,5,200,default,naive-kmeans,40:60
46,88,0.48500001430511475,200,5,200,default,naive-kmeans,40:60
46,89,0.48500001430511475,200,5,200,default,naive-kmeans,40:60
46,90,0.48500001430511475,200,5,200,default,naive-kmeans,40:60
46,91,0.48500001430511475,200,5,200,default,naive-kmeans,40:60
46,92,0.48500001430511475,200,5,200,default,naive-kmeans,40:60
46,93,0.48500001430511475,200,5,200,default,naive-kmeans,40:60
46,94,0.48500001430511475,200,5,200,default,naive-kmeans,40:60
46,95,0.48500001430511475,200,5,200,default,naive-kmeans,40:60
46,96,0.48500001430511475,200,5,200,default,naive-kmeans,40:60
46,97,0.48500001430511475,200,5,200,default,naive-kmeans,40:60
46,98,0.48500001430511475,200,5,200,default,naive-kmeans,40:60
46,99,0.48500001430511475,200,5,200,default,naive-kmeans,40:60
47,0,0.48500001430511475,200,5,200,default,naive-kmeans,40:60
47,1,0.49000000953674316,200,5,200,default,naive-kmeans,40:60
47,2,0.48500001430511475,200,5,200,default,naive-kmeans,40:60
47,3,0.48500001430511475,200,5,200,default,naive-kmeans,40:60
47,4,0.49000000953674316,200,5,200,default,naive-kmeans,40:60
47,5,0.49000000953674316,200,5,200,default,naive-kmeans,40:60
47,6,0.49000000953674316,200,5,200,default,naive-kmeans,40:60
47,7,0.49000000953674316,200,5,200,default,naive-kmeans,40:60
47,8,0.49000000953674316,200,5,200,default,naive-kmeans,40:60
47,9,0.49000000953674316,200,5,200,default,naive-kmeans,40:60
47,10,0.49000000953674316,200,5,200,default,naive-kmeans,40:60
47,11,0.49000000953674316,200,5,200,default,naive-kmeans,40:60
47,12,0.49000000953674316,200,5,200,default,naive-kmeans,40:60
47,13,0.49000000953674316,200,5,200,default,naive-kmeans,40:60
47,14,0.49000000953674316,200,5,200,default,naive-kmeans,40:60
47,15,0.49000000953674316,200,5,200,default,naive-kmeans,40:60
47,16,0.49000000953674316,200,5,200,default,naive-kmeans,40:60
47,17,0.49000000953674316,200,5,200,default,naive-kmeans,40:60
47,18,0.49000000953674316,200,5,200,default,naive-kmeans,40:60
47,19,0.49000000953674316,200,5,200,default,naive-kmeans,40:60
47,20,0.49000000953674316,200,5,200,default,naive-kmeans,40:60
47,21,0.49000000953674316,200,5,200,default,naive-kmeans,40:60
47,22,0.49000000953674316,200,5,200,default,naive-kmeans,40:60
47,23,0.49000000953674316,200,5,200,default,naive-kmeans,40:60
47,24,0.49000000953674316,200,5,200,default,naive-kmeans,40:60
47,25,0.49000000953674316,200,5,200,default,naive-kmeans,40:60
47,26,0.49000000953674316,200,5,200,default,naive-kmeans,40:60
47,27,0.49000000953674316,200,5,200,default,naive-kmeans,40:60
47,28,0.49000000953674316,200,5,200,default,naive-kmeans,40:60
47,29,0.49000000953674316,200,5,200,default,naive-kmeans,40:60
47,30,0.49000000953674316,200,5,200,default,naive-kmeans,40:60
47,31,0.49000000953674316,200,5,200,default,naive-kmeans,40:60
47,32,0.49000000953674316,200,5,200,default,naive-kmeans,40:60
47,33,0.49000000953674316,200,5,200,default,naive-kmeans,40:60
47,34,0.49000000953674316,200,5,200,default,naive-kmeans,40:60
47,35,0.49000000953674316,200,5,200,default,naive-kmeans,40:60
47,36,0.49000000953674316,200,5,200,default,naive-kmeans,40:60
47,37,0.49000000953674316,200,5,200,default,naive-kmeans,40:60
47,38,0.49000000953674316,200,5,200,default,naive-kmeans,40:60
47,39,0.49000000953674316,200,5,200,default,naive-kmeans,40:60
47,40,0.49000000953674316,200,5,200,default,naive-kmeans,40:60
47,41,0.49000000953674316,200,5,200,default,naive-kmeans,40:60
47,42,0.49000000953674316,200,5,200,default,naive-kmeans,40:60
47,43,0.49000000953674316,200,5,200,default,naive-kmeans,40:60
47,44,0.49000000953674316,200,5,200,default,naive-kmeans,40:60
47,45,0.49000000953674316,200,5,200,default,naive-kmeans,40:60
47,46,0.49000000953674316,200,5,200,default,naive-kmeans,40:60
47,47,0.49000000953674316,200,5,200,default,naive-kmeans,40:60
47,48,0.49000000953674316,200,5,200,default,naive-kmeans,40:60
47,49,0.49000000953674316,200,5,200,default,naive-kmeans,40:60
47,50,0.49000000953674316,200,5,200,default,naive-kmeans,40:60
47,51,0.49000000953674316,200,5,200,default,naive-kmeans,40:60
47,52,0.49000000953674316,200,5,200,default,naive-kmeans,40:60
47,53,0.49000000953674316,200,5,200,default,naive-kmeans,40:60
47,54,0.49000000953674316,200,5,200,default,naive-kmeans,40:60
47,55,0.49000000953674316,200,5,200,default,naive-kmeans,40:60
47,56,0.49000000953674316,200,5,200,default,naive-kmeans,40:60
47,57,0.49000000953674316,200,5,200,default,naive-kmeans,40:60
47,58,0.49000000953674316,200,5,200,default,naive-kmeans,40:60
47,59,0.49000000953674316,200,5,200,default,naive-kmeans,40:60
47,60,0.49000000953674316,200,5,200,default,naive-kmeans,40:60
47,61,0.49000000953674316,200,5,200,default,naive-kmeans,40:60
47,62,0.49000000953674316,200,5,200,default,naive-kmeans,40:60
47,63,0.49000000953674316,200,5,200,default,naive-kmeans,40:60
47,64,0.49000000953674316,200,5,200,default,naive-kmeans,40:60
47,65,0.49000000953674316,200,5,200,default,naive-kmeans,40:60
47,66,0.49000000953674316,200,5,200,default,naive-kmeans,40:60
47,67,0.49000000953674316,200,5,200,default,naive-kmeans,40:60
47,68,0.49000000953674316,200,5,200,default,naive-kmeans,40:60
47,69,0.49000000953674316,200,5,200,default,naive-kmeans,40:60
47,70,0.49000000953674316,200,5,200,default,naive-kmeans,40:60
47,71,0.49000000953674316,200,5,200,default,naive-kmeans,40:60
47,72,0.49000000953674316,200,5,200,default,naive-kmeans,40:60
47,73,0.49000000953674316,200,5,200,default,naive-kmeans,40:60
47,74,0.49000000953674316,200,5,200,default,naive-kmeans,40:60
47,75,0.49000000953674316,200,5,200,default,naive-kmeans,40:60
47,76,0.49000000953674316,200,5,200,default,naive-kmeans,40:60
47,77,0.49000000953674316,200,5,200,default,naive-kmeans,40:60
47,78,0.49000000953674316,200,5,200,default,naive-kmeans,40:60
47,79,0.49000000953674316,200,5,200,default,naive-kmeans,40:60
47,80,0.49000000953674316,200,5,200,default,naive-kmeans,40:60
47,81,0.49000000953674316,200,5,200,default,naive-kmeans,40:60
47,82,0.49000000953674316,200,5,200,default,naive-kmeans,40:60
47,83,0.49000000953674316,200,5,200,default,naive-kmeans,40:60
47,84,0.49000000953674316,200,5,200,default,naive-kmeans,40:60
47,85,0.49000000953674316,200,5,200,default,naive-kmeans,40:60
47,86,0.49000000953674316,200,5,200,default,naive-kmeans,40:60
47,87,0.49000000953674316,200,5,200,default,naive-kmeans,40:60
47,88,0.49000000953674316,200,5,200,default,naive-kmeans,40:60
47,89,0.49000000953674316,200,5,200,default,naive-kmeans,40:60
47,90,0.49000000953674316,200,5,200,default,naive-kmeans,40:60
47,91,0.49000000953674316,200,5,200,default,naive-kmeans,40:60
47,92,0.49000000953674316,200,5,200,default,naive-kmeans,40:60
47,93,0.49000000953674316,200,5,200,default,naive-kmeans,40:60
47,94,0.49000000953674316,200,5,200,default,naive-kmeans,40:60
47,95,0.49000000953674316,200,5,200,default,naive-kmeans,40:60
47,96,0.49000000953674316,200,5,200,default,naive-kmeans,40:60
47,97,0.49000000953674316,200,5,200,default,naive-kmeans,40:60
47,98,0.49000000953674316,200,5,200,default,naive-kmeans,40:60
47,99,0.49000000953674316,200,5,200,default,naive-kmeans,40:60
48,0,0.5350000262260437,200,5,200,default,naive-kmeans,40:60
48,1,0.5099999904632568,200,5,200,default,naive-kmeans,40:60
48,2,0.5350000262260437,200,5,200,default,naive-kmeans,40:60
48,3,0.5299999713897705,200,5,200,default,naive-kmeans,40:60
48,4,0.48500001430511475,200,5,200,default,naive-kmeans,40:60
48,5,0.5149999856948853,200,5,200,default,naive-kmeans,40:60
48,6,0.5149999856948853,200,5,200,default,naive-kmeans,40:60
48,7,0.5400000214576721,200,5,200,default,naive-kmeans,40:60
48,8,0.5400000214576721,200,5,200,default,naive-kmeans,40:60
48,9,0.5400000214576721,200,5,200,default,naive-kmeans,40:60
48,10,0.5400000214576721,200,5,200,default,naive-kmeans,40:60
48,11,0.5400000214576721,200,5,200,default,naive-kmeans,40:60
48,12,0.5400000214576721,200,5,200,default,naive-kmeans,40:60
48,13,0.5400000214576721,200,5,200,default,naive-kmeans,40:60
48,14,0.5400000214576721,200,5,200,default,naive-kmeans,40:60
48,15,0.5400000214576721,200,5,200,default,naive-kmeans,40:60
48,16,0.5400000214576721,200,5,200,default,naive-kmeans,40:60
48,17,0.5400000214576721,200,5,200,default,naive-kmeans,40:60
48,18,0.5400000214576721,200,5,200,default,naive-kmeans,40:60
48,19,0.5400000214576721,200,5,200,default,naive-kmeans,40:60
48,20,0.5400000214576721,200,5,200,default,naive-kmeans,40:60
48,21,0.5400000214576721,200,5,200,default,naive-kmeans,40:60
48,22,0.5400000214576721,200,5,200,default,naive-kmeans,40:60
48,23,0.5400000214576721,200,5,200,default,naive-kmeans,40:60
48,24,0.5400000214576721,200,5,200,default,naive-kmeans,40:60
48,25,0.5400000214576721,200,5,200,default,naive-kmeans,40:60
48,26,0.5400000214576721,200,5,200,default,naive-kmeans,40:60
48,27,0.5400000214576721,200,5,200,default,naive-kmeans,40:60
48,28,0.5400000214576721,200,5,200,default,naive-kmeans,40:60
48,29,0.5400000214576721,200,5,200,default,naive-kmeans,40:60
48,30,0.5400000214576721,200,5,200,default,naive-kmeans,40:60
48,31,0.5400000214576721,200,5,200,default,naive-kmeans,40:60
48,32,0.5400000214576721,200,5,200,default,naive-kmeans,40:60
48,33,0.5400000214576721,200,5,200,default,naive-kmeans,40:60
48,34,0.5400000214576721,200,5,200,default,naive-kmeans,40:60
48,35,0.5400000214576721,200,5,200,default,naive-kmeans,40:60
48,36,0.5400000214576721,200,5,200,default,naive-kmeans,40:60
48,37,0.5400000214576721,200,5,200,default,naive-kmeans,40:60
48,38,0.5400000214576721,200,5,200,default,naive-kmeans,40:60
48,39,0.5400000214576721,200,5,200,default,naive-kmeans,40:60
48,40,0.5400000214576721,200,5,200,default,naive-kmeans,40:60
48,41,0.5400000214576721,200,5,200,default,naive-kmeans,40:60
48,42,0.5400000214576721,200,5,200,default,naive-kmeans,40:60
48,43,0.5400000214576721,200,5,200,default,naive-kmeans,40:60
48,44,0.5400000214576721,200,5,200,default,naive-kmeans,40:60
48,45,0.5400000214576721,200,5,200,default,naive-kmeans,40:60
48,46,0.5400000214576721,200,5,200,default,naive-kmeans,40:60
48,47,0.5400000214576721,200,5,200,default,naive-kmeans,40:60
48,48,0.5400000214576721,200,5,200,default,naive-kmeans,40:60
48,49,0.5400000214576721,200,5,200,default,naive-kmeans,40:60
48,50,0.5400000214576721,200,5,200,default,naive-kmeans,40:60
48,51,0.5400000214576721,200,5,200,default,naive-kmeans,40:60
48,52,0.5400000214576721,200,5,200,default,naive-kmeans,40:60
48,53,0.5400000214576721,200,5,200,default,naive-kmeans,40:60
48,54,0.5400000214576721,200,5,200,default,naive-kmeans,40:60
48,55,0.5400000214576721,200,5,200,default,naive-kmeans,40:60
48,56,0.5400000214576721,200,5,200,default,naive-kmeans,40:60
48,57,0.5400000214576721,200,5,200,default,naive-kmeans,40:60
48,58,0.5400000214576721,200,5,200,default,naive-kmeans,40:60
48,59,0.5400000214576721,200,5,200,default,naive-kmeans,40:60
48,60,0.5400000214576721,200,5,200,default,naive-kmeans,40:60
48,61,0.5400000214576721,200,5,200,default,naive-kmeans,40:60
48,62,0.5400000214576721,200,5,200,default,naive-kmeans,40:60
48,63,0.5400000214576721,200,5,200,default,naive-kmeans,40:60
48,64,0.5400000214576721,200,5,200,default,naive-kmeans,40:60
48,65,0.5400000214576721,200,5,200,default,naive-kmeans,40:60
48,66,0.5400000214576721,200,5,200,default,naive-kmeans,40:60
48,67,0.5400000214576721,200,5,200,default,naive-kmeans,40:60
48,68,0.5400000214576721,200,5,200,default,naive-kmeans,40:60
48,69,0.5400000214576721,200,5,200,default,naive-kmeans,40:60
48,70,0.5400000214576721,200,5,200,default,naive-kmeans,40:60
48,71,0.5400000214576721,200,5,200,default,naive-kmeans,40:60
48,72,0.5400000214576721,200,5,200,default,naive-kmeans,40:60
48,73,0.5400000214576721,200,5,200,default,naive-kmeans,40:60
48,74,0.5400000214576721,200,5,200,default,naive-kmeans,40:60
48,75,0.5400000214576721,200,5,200,default,naive-kmeans,40:60
48,76,0.5400000214576721,200,5,200,default,naive-kmeans,40:60
48,77,0.5400000214576721,200,5,200,default,naive-kmeans,40:60
48,78,0.5400000214576721,200,5,200,default,naive-kmeans,40:60
48,79,0.5400000214576721,200,5,200,default,naive-kmeans,40:60
48,80,0.5400000214576721,200,5,200,default,naive-kmeans,40:60
48,81,0.5400000214576721,200,5,200,default,naive-kmeans,40:60
48,82,0.5400000214576721,200,5,200,default,naive-kmeans,40:60
48,83,0.5400000214576721,200,5,200,default,naive-kmeans,40:60
48,84,0.5400000214576721,200,5,200,default,naive-kmeans,40:60
48,85,0.5400000214576721,200,5,200,default,naive-kmeans,40:60
48,86,0.5400000214576721,200,5,200,default,naive-kmeans,40:60
48,87,0.5400000214576721,200,5,200,default,naive-kmeans,40:60
48,88,0.5400000214576721,200,5,200,default,naive-kmeans,40:60
48,89,0.5400000214576721,200,5,200,default,naive-kmeans,40:60
48,90,0.5400000214576721,200,5,200,default,naive-kmeans,40:60
48,91,0.5400000214576721,200,5,200,default,naive-kmeans,40:60
48,92,0.5400000214576721,200,5,200,default,naive-kmeans,40:60
48,93,0.5400000214576721,200,5,200,default,naive-kmeans,40:60
48,94,0.5400000214576721,200,5,200,default,naive-kmeans,40:60
48,95,0.5400000214576721,200,5,200,default,naive-kmeans,40:60
48,96,0.5400000214576721,200,5,200,default,naive-kmeans,40:60
48,97,0.5400000214576721,200,5,200,default,naive-kmeans,40:60
48,98,0.5400000214576721,200,5,200,default,naive-kmeans,40:60
48,99,0.5400000214576721,200,5,200,default,naive-kmeans,40:60
49,0,0.4950000047683716,200,5,200,default,naive-kmeans,40:60
49,1,0.5199999809265137,200,5,200,default,naive-kmeans,40:60
49,2,0.5199999809265137,200,5,200,default,naive-kmeans,40:60
49,3,0.5149999856948853,200,5,200,default,naive-kmeans,40:60
49,4,0.48500001430511475,200,5,200,default,naive-kmeans,40:60
49,5,0.5049999952316284,200,5,200,default,naive-kmeans,40:60
49,6,0.5199999809265137,200,5,200,default,naive-kmeans,40:60
49,7,0.5199999809265137,200,5,200,default,naive-kmeans,40:60
49,8,0.5199999809265137,200,5,200,default,naive-kmeans,40:60
49,9,0.5199999809265137,200,5,200,default,naive-kmeans,40:60
49,10,0.5199999809265137,200,5,200,default,naive-kmeans,40:60
49,11,0.5199999809265137,200,5,200,default,naive-kmeans,40:60
49,12,0.5199999809265137,200,5,200,default,naive-kmeans,40:60
49,13,0.5199999809265137,200,5,200,default,naive-kmeans,40:60
49,14,0.5199999809265137,200,5,200,default,naive-kmeans,40:60
49,15,0.5199999809265137,200,5,200,default,naive-kmeans,40:60
49,16,0.5199999809265137,200,5,200,default,naive-kmeans,40:60
49,17,0.5199999809265137,200,5,200,default,naive-kmeans,40:60
49,18,0.5199999809265137,200,5,200,default,naive-kmeans,40:60
49,19,0.5199999809265137,200,5,200,default,naive-kmeans,40:60
49,20,0.5199999809265137,200,5,200,default,naive-kmeans,40:60
49,21,0.5199999809265137,200,5,200,default,naive-kmeans,40:60
49,22,0.5199999809265137,200,5,200,default,naive-kmeans,40:60
49,23,0.5199999809265137,200,5,200,default,naive-kmeans,40:60
49,24,0.5199999809265137,200,5,200,default,naive-kmeans,40:60
49,25,0.5199999809265137,200,5,200,default,naive-kmeans,40:60
49,26,0.5199999809265137,200,5,200,default,naive-kmeans,40:60
49,27,0.5199999809265137,200,5,200,default,naive-kmeans,40:60
49,28,0.5199999809265137,200,5,200,default,naive-kmeans,40:60
49,29,0.5199999809265137,200,5,200,default,naive-kmeans,40:60
49,30,0.5199999809265137,200,5,200,default,naive-kmeans,40:60
49,31,0.5199999809265137,200,5,200,default,naive-kmeans,40:60
49,32,0.5199999809265137,200,5,200,default,naive-kmeans,40:60
49,33,0.5199999809265137,200,5,200,default,naive-kmeans,40:60
49,34,0.5199999809265137,200,5,200,default,naive-kmeans,40:60
49,35,0.5199999809265137,200,5,200,default,naive-kmeans,40:60
49,36,0.5199999809265137,200,5,200,default,naive-kmeans,40:60
49,37,0.5199999809265137,200,5,200,default,naive-kmeans,40:60
49,38,0.5199999809265137,200,5,200,default,naive-kmeans,40:60
49,39,0.5199999809265137,200,5,200,default,naive-kmeans,40:60
49,40,0.5199999809265137,200,5,200,default,naive-kmeans,40:60
49,41,0.5199999809265137,200,5,200,default,naive-kmeans,40:60
49,42,0.5199999809265137,200,5,200,default,naive-kmeans,40:60
49,43,0.5199999809265137,200,5,200,default,naive-kmeans,40:60
49,44,0.5199999809265137,200,5,200,default,naive-kmeans,40:60
49,45,0.5199999809265137,200,5,200,default,naive-kmeans,40:60
49,46,0.5199999809265137,200,5,200,default,naive-kmeans,40:60
49,47,0.5199999809265137,200,5,200,default,naive-kmeans,40:60
49,48,0.5199999809265137,200,5,200,default,naive-kmeans,40:60
49,49,0.5199999809265137,200,5,200,default,naive-kmeans,40:60
49,50,0.5199999809265137,200,5,200,default,naive-kmeans,40:60
49,51,0.5199999809265137,200,5,200,default,naive-kmeans,40:60
49,52,0.5199999809265137,200,5,200,default,naive-kmeans,40:60
49,53,0.5199999809265137,200,5,200,default,naive-kmeans,40:60
49,54,0.5199999809265137,200,5,200,default,naive-kmeans,40:60
49,55,0.5199999809265137,200,5,200,default,naive-kmeans,40:60
49,56,0.5199999809265137,200,5,200,default,naive-kmeans,40:60
49,57,0.5199999809265137,200,5,200,default,naive-kmeans,40:60
49,58,0.5199999809265137,200,5,200,default,naive-kmeans,40:60
49,59,0.5199999809265137,200,5,200,default,naive-kmeans,40:60
49,60,0.5199999809265137,200,5,200,default,naive-kmeans,40:60
49,61,0.5199999809265137,200,5,200,default,naive-kmeans,40:60
49,62,0.5199999809265137,200,5,200,default,naive-kmeans,40:60
49,63,0.5199999809265137,200,5,200,default,naive-kmeans,40:60
49,64,0.5199999809265137,200,5,200,default,naive-kmeans,40:60
49,65,0.5199999809265137,200,5,200,default,naive-kmeans,40:60
49,66,0.5199999809265137,200,5,200,default,naive-kmeans,40:60
49,67,0.5199999809265137,200,5,200,default,naive-kmeans,40:60
49,68,0.5199999809265137,200,5,200,default,naive-kmeans,40:60
49,69,0.5199999809265137,200,5,200,default,naive-kmeans,40:60
49,70,0.5199999809265137,200,5,200,default,naive-kmeans,40:60
49,71,0.5199999809265137,200,5,200,default,naive-kmeans,40:60
49,72,0.5199999809265137,200,5,200,default,naive-kmeans,40:60
49,73,0.5199999809265137,200,5,200,default,naive-kmeans,40:60
49,74,0.5199999809265137,200,5,200,default,naive-kmeans,40:60
49,75,0.5199999809265137,200,5,200,default,naive-kmeans,40:60
49,76,0.5199999809265137,200,5,200,default,naive-kmeans,40:60
49,77,0.5199999809265137,200,5,200,default,naive-kmeans,40:60
49,78,0.5199999809265137,200,5,200,default,naive-kmeans,40:60
49,79,0.5199999809265137,200,5,200,default,naive-kmeans,40:60
49,80,0.5199999809265137,200,5,200,default,naive-kmeans,40:60
49,81,0.5199999809265137,200,5,200,default,naive-kmeans,40:60
49,82,0.5199999809265137,200,5,200,default,naive-kmeans,40:60
49,83,0.5199999809265137,200,5,200,default,naive-kmeans,40:60
49,84,0.5199999809265137,200,5,200,default,naive-kmeans,40:60
49,85,0.5199999809265137,200,5,200,default,naive-kmeans,40:60
49,86,0.5199999809265137,200,5,200,default,naive-kmeans,40:60
49,87,0.5199999809265137,200,5,200,default,naive-kmeans,40:60
49,88,0.5199999809265137,200,5,200,default,naive-kmeans,40:60
49,89,0.5199999809265137,200,5,200,default,naive-kmeans,40:60
49,90,0.5199999809265137,200,5,200,default,naive-kmeans,40:60
49,91,0.5199999809265137,200,5,200,default,naive-kmeans,40:60
49,92,0.5199999809265137,200,5,200,default,naive-kmeans,40:60
49,93,0.5199999809265137,200,5,200,default,naive-kmeans,40:60
49,94,0.5199999809265137,200,5,200,default,naive-kmeans,40:60
49,95,0.5199999809265137,200,5,200,default,naive-kmeans,40:60
49,96,0.5199999809265137,200,5,200,default,naive-kmeans,40:60
49,97,0.5199999809265137,200,5,200,default,naive-kmeans,40:60
49,98,0.5199999809265137,200,5,200,default,naive-kmeans,40:60
49,99,0.5199999809265137,200,5,200,default,naive-kmeans,40:60
50,0,0.48500001430511475,200,5,200,default,naive-kmeans,40:60
50,1,0.5,200,5,200,default,naive-kmeans,40:60
50,2,0.48500001430511475,200,5,200,default,naive-kmeans,40:60
50,3,0.5199999809265137,200,5,200,default,naive-kmeans,40:60
50,4,0.5049999952316284,200,5,200,default,naive-kmeans,40:60
50,5,0.4749999940395355,200,5,200,default,naive-kmeans,40:60
50,6,0.4950000047683716,200,5,200,default,naive-kmeans,40:60
50,7,0.47999998927116394,200,5,200,default,naive-kmeans,40:60
50,8,0.48500001430511475,200,5,200,default,naive-kmeans,40:60
50,9,0.5099999904632568,200,5,200,default,naive-kmeans,40:60
50,10,0.5,200,5,200,default,naive-kmeans,40:60
50,11,0.5199999809265137,200,5,200,default,naive-kmeans,40:60
50,12,0.5199999809265137,200,5,200,default,naive-kmeans,40:60
50,13,0.5199999809265137,200,5,200,default,naive-kmeans,40:60
50,14,0.5199999809265137,200,5,200,default,naive-kmeans,40:60
50,15,0.5199999809265137,200,5,200,default,naive-kmeans,40:60
50,16,0.5199999809265137,200,5,200,default,naive-kmeans,40:60
50,17,0.5199999809265137,200,5,200,default,naive-kmeans,40:60
50,18,0.5199999809265137,200,5,200,default,naive-kmeans,40:60
50,19,0.5199999809265137,200,5,200,default,naive-kmeans,40:60
50,20,0.5199999809265137,200,5,200,default,naive-kmeans,40:60
50,21,0.5199999809265137,200,5,200,default,naive-kmeans,40:60
50,22,0.5199999809265137,200,5,200,default,naive-kmeans,40:60
50,23,0.5199999809265137,200,5,200,default,naive-kmeans,40:60
50,24,0.5199999809265137,200,5,200,default,naive-kmeans,40:60
50,25,0.5199999809265137,200,5,200,default,naive-kmeans,40:60
50,26,0.5199999809265137,200,5,200,default,naive-kmeans,40:60
50,27,0.5199999809265137,200,5,200,default,naive-kmeans,40:60
50,28,0.5199999809265137,200,5,200,default,naive-kmeans,40:60
50,29,0.5199999809265137,200,5,200,default,naive-kmeans,40:60
50,30,0.5199999809265137,200,5,200,default,naive-kmeans,40:60
50,31,0.5199999809265137,200,5,200,default,naive-kmeans,40:60
50,32,0.5199999809265137,200,5,200,default,naive-kmeans,40:60
50,33,0.5199999809265137,200,5,200,default,naive-kmeans,40:60
50,34,0.5199999809265137,200,5,200,default,naive-kmeans,40:60
50,35,0.5199999809265137,200,5,200,default,naive-kmeans,40:60
50,36,0.5199999809265137,200,5,200,default,naive-kmeans,40:60
50,37,0.5199999809265137,200,5,200,default,naive-kmeans,40:60
50,38,0.5199999809265137,200,5,200,default,naive-kmeans,40:60
50,39,0.5199999809265137,200,5,200,default,naive-kmeans,40:60
50,40,0.5199999809265137,200,5,200,default,naive-kmeans,40:60
50,41,0.5199999809265137,200,5,200,default,naive-kmeans,40:60
50,42,0.5199999809265137,200,5,200,default,naive-kmeans,40:60
50,43,0.5199999809265137,200,5,200,default,naive-kmeans,40:60
50,44,0.5199999809265137,200,5,200,default,naive-kmeans,40:60
50,45,0.5199999809265137,200,5,200,default,naive-kmeans,40:60
50,46,0.5199999809265137,200,5,200,default,naive-kmeans,40:60
50,47,0.5199999809265137,200,5,200,default,naive-kmeans,40:60
50,48,0.5199999809265137,200,5,200,default,naive-kmeans,40:60
50,49,0.5199999809265137,200,5,200,default,naive-kmeans,40:60
50,50,0.5199999809265137,200,5,200,default,naive-kmeans,40:60
50,51,0.5199999809265137,200,5,200,default,naive-kmeans,40:60
50,52,0.5199999809265137,200,5,200,default,naive-kmeans,40:60
50,53,0.5199999809265137,200,5,200,default,naive-kmeans,40:60
50,54,0.5199999809265137,200,5,200,default,naive-kmeans,40:60
50,55,0.5199999809265137,200,5,200,default,naive-kmeans,40:60
50,56,0.5199999809265137,200,5,200,default,naive-kmeans,40:60
50,57,0.5199999809265137,200,5,200,default,naive-kmeans,40:60
50,58,0.5199999809265137,200,5,200,default,naive-kmeans,40:60
50,59,0.5199999809265137,200,5,200,default,naive-kmeans,40:60
50,60,0.5199999809265137,200,5,200,default,naive-kmeans,40:60
50,61,0.5199999809265137,200,5,200,default,naive-kmeans,40:60
50,62,0.5199999809265137,200,5,200,default,naive-kmeans,40:60
50,63,0.5199999809265137,200,5,200,default,naive-kmeans,40:60
50,64,0.5199999809265137,200,5,200,default,naive-kmeans,40:60
50,65,0.5199999809265137,200,5,200,default,naive-kmeans,40:60
50,66,0.5199999809265137,200,5,200,default,naive-kmeans,40:60
50,67,0.5199999809265137,200,5,200,default,naive-kmeans,40:60
50,68,0.5199999809265137,200,5,200,default,naive-kmeans,40:60
50,69,0.5199999809265137,200,5,200,default,naive-kmeans,40:60
50,70,0.5199999809265137,200,5,200,default,naive-kmeans,40:60
50,71,0.5199999809265137,200,5,200,default,naive-kmeans,40:60
50,72,0.5199999809265137,200,5,200,default,naive-kmeans,40:60
50,73,0.5199999809265137,200,5,200,default,naive-kmeans,40:60
50,74,0.5199999809265137,200,5,200,default,naive-kmeans,40:60
50,75,0.5199999809265137,200,5,200,default,naive-kmeans,40:60
50,76,0.5199999809265137,200,5,200,default,naive-kmeans,40:60
50,77,0.5199999809265137,200,5,200,default,naive-kmeans,40:60
50,78,0.5199999809265137,200,5,200,default,naive-kmeans,40:60
50,79,0.5199999809265137,200,5,200,default,naive-kmeans,40:60
50,80,0.5199999809265137,200,5,200,default,naive-kmeans,40:60
50,81,0.5199999809265137,200,5,200,default,naive-kmeans,40:60
50,82,0.5199999809265137,200,5,200,default,naive-kmeans,40:60
50,83,0.5199999809265137,200,5,200,default,naive-kmeans,40:60
50,84,0.5199999809265137,200,5,200,default,naive-kmeans,40:60
50,85,0.5199999809265137,200,5,200,default,naive-kmeans,40:60
50,86,0.5199999809265137,200,5,200,default,naive-kmeans,40:60
50,87,0.5199999809265137,200,5,200,default,naive-kmeans,40:60
50,88,0.5199999809265137,200,5,200,default,naive-kmeans,40:60
50,89,0.5199999809265137,200,5,200,default,naive-kmeans,40:60
50,90,0.5199999809265137,200,5,200,default,naive-kmeans,40:60
50,91,0.5199999809265137,200,5,200,default,naive-kmeans,40:60
50,92,0.5199999809265137,200,5,200,default,naive-kmeans,40:60
50,93,0.5199999809265137,200,5,200,default,naive-kmeans,40:60
50,94,0.5199999809265137,200,5,200,default,naive-kmeans,40:60
50,95,0.5199999809265137,200,5,200,default,naive-kmeans,40:60
50,96,0.5199999809265137,200,5,200,default,naive-kmeans,40:60
50,97,0.5199999809265137,200,5,200,default,naive-kmeans,40:60
50,98,0.5199999809265137,200,5,200,default,naive-kmeans,40:60
50,99,0.5199999809265137,200,5,200,default,naive-kmeans,40:60
51,0,0.5149999856948853,200,5,200,default,naive-kmeans,40:60
51,1,0.5149999856948853,200,5,200,default,naive-kmeans,40:60
51,2,0.5199999809265137,200,5,200,default,naive-kmeans,40:60
51,3,0.5249999761581421,200,5,200,default,naive-kmeans,40:60
51,4,0.5149999856948853,200,5,200,default,naive-kmeans,40:60
51,5,0.5199999809265137,200,5,200,default,naive-kmeans,40:60
51,6,0.5249999761581421,200,5,200,default,naive-kmeans,40:60
51,7,0.5249999761581421,200,5,200,default,naive-kmeans,40:60
51,8,0.5249999761581421,200,5,200,default,naive-kmeans,40:60
51,9,0.5249999761581421,200,5,200,default,naive-kmeans,40:60
51,10,0.5249999761581421,200,5,200,default,naive-kmeans,40:60
51,11,0.5249999761581421,200,5,200,default,naive-kmeans,40:60
51,12,0.5249999761581421,200,5,200,default,naive-kmeans,40:60
51,13,0.5249999761581421,200,5,200,default,naive-kmeans,40:60
51,14,0.5249999761581421,200,5,200,default,naive-kmeans,40:60
51,15,0.5249999761581421,200,5,200,default,naive-kmeans,40:60
51,16,0.5249999761581421,200,5,200,default,naive-kmeans,40:60
51,17,0.5249999761581421,200,5,200,default,naive-kmeans,40:60
51,18,0.5249999761581421,200,5,200,default,naive-kmeans,40:60
51,19,0.5249999761581421,200,5,200,default,naive-kmeans,40:60
51,20,0.5249999761581421,200,5,200,default,naive-kmeans,40:60
51,21,0.5249999761581421,200,5,200,default,naive-kmeans,40:60
51,22,0.5249999761581421,200,5,200,default,naive-kmeans,40:60
51,23,0.5249999761581421,200,5,200,default,naive-kmeans,40:60
51,24,0.5249999761581421,200,5,200,default,naive-kmeans,40:60
51,25,0.5249999761581421,200,5,200,default,naive-kmeans,40:60
51,26,0.5249999761581421,200,5,200,default,naive-kmeans,40:60
51,27,0.5249999761581421,200,5,200,default,naive-kmeans,40:60
51,28,0.5249999761581421,200,5,200,default,naive-kmeans,40:60
51,29,0.5249999761581421,200,5,200,default,naive-kmeans,40:60
51,30,0.5249999761581421,200,5,200,default,naive-kmeans,40:60
51,31,0.5249999761581421,200,5,200,default,naive-kmeans,40:60
51,32,0.5249999761581421,200,5,200,default,naive-kmeans,40:60
51,33,0.5249999761581421,200,5,200,default,naive-kmeans,40:60
51,34,0.5249999761581421,200,5,200,default,naive-kmeans,40:60
51,35,0.5249999761581421,200,5,200,default,naive-kmeans,40:60
51,36,0.5249999761581421,200,5,200,default,naive-kmeans,40:60
51,37,0.5249999761581421,200,5,200,default,naive-kmeans,40:60
51,38,0.5249999761581421,200,5,200,default,naive-kmeans,40:60
51,39,0.5249999761581421,200,5,200,default,naive-kmeans,40:60
51,40,0.5249999761581421,200,5,200,default,naive-kmeans,40:60
51,41,0.5249999761581421,200,5,200,default,naive-kmeans,40:60
51,42,0.5249999761581421,200,5,200,default,naive-kmeans,40:60
51,43,0.5249999761581421,200,5,200,default,naive-kmeans,40:60
51,44,0.5249999761581421,200,5,200,default,naive-kmeans,40:60
51,45,0.5249999761581421,200,5,200,default,naive-kmeans,40:60
51,46,0.5249999761581421,200,5,200,default,naive-kmeans,40:60
51,47,0.5249999761581421,200,5,200,default,naive-kmeans,40:60
51,48,0.5249999761581421,200,5,200,default,naive-kmeans,40:60
51,49,0.5249999761581421,200,5,200,default,naive-kmeans,40:60
51,50,0.5249999761581421,200,5,200,default,naive-kmeans,40:60
51,51,0.5249999761581421,200,5,200,default,naive-kmeans,40:60
51,52,0.5249999761581421,200,5,200,default,naive-kmeans,40:60
51,53,0.5249999761581421,200,5,200,default,naive-kmeans,40:60
51,54,0.5249999761581421,200,5,200,default,naive-kmeans,40:60
51,55,0.5249999761581421,200,5,200,default,naive-kmeans,40:60
51,56,0.5249999761581421,200,5,200,default,naive-kmeans,40:60
51,57,0.5249999761581421,200,5,200,default,naive-kmeans,40:60
51,58,0.5249999761581421,200,5,200,default,naive-kmeans,40:60
51,59,0.5249999761581421,200,5,200,default,naive-kmeans,40:60
51,60,0.5249999761581421,200,5,200,default,naive-kmeans,40:60
51,61,0.5249999761581421,200,5,200,default,naive-kmeans,40:60
51,62,0.5249999761581421,200,5,200,default,naive-kmeans,40:60
51,63,0.5249999761581421,200,5,200,default,naive-kmeans,40:60
51,64,0.5249999761581421,200,5,200,default,naive-kmeans,40:60
51,65,0.5249999761581421,200,5,200,default,naive-kmeans,40:60
51,66,0.5249999761581421,200,5,200,default,naive-kmeans,40:60
51,67,0.5249999761581421,200,5,200,default,naive-kmeans,40:60
51,68,0.5249999761581421,200,5,200,default,naive-kmeans,40:60
51,69,0.5249999761581421,200,5,200,default,naive-kmeans,40:60
51,70,0.5249999761581421,200,5,200,default,naive-kmeans,40:60
51,71,0.5249999761581421,200,5,200,default,naive-kmeans,40:60
51,72,0.5249999761581421,200,5,200,default,naive-kmeans,40:60
51,73,0.5249999761581421,200,5,200,default,naive-kmeans,40:60
51,74,0.5249999761581421,200,5,200,default,naive-kmeans,40:60
51,75,0.5249999761581421,200,5,200,default,naive-kmeans,40:60
51,76,0.5249999761581421,200,5,200,default,naive-kmeans,40:60
51,77,0.5249999761581421,200,5,200,default,naive-kmeans,40:60
51,78,0.5249999761581421,200,5,200,default,naive-kmeans,40:60
51,79,0.5249999761581421,200,5,200,default,naive-kmeans,40:60
51,80,0.5249999761581421,200,5,200,default,naive-kmeans,40:60
51,81,0.5249999761581421,200,5,200,default,naive-kmeans,40:60
51,82,0.5249999761581421,200,5,200,default,naive-kmeans,40:60
51,83,0.5249999761581421,200,5,200,default,naive-kmeans,40:60
51,84,0.5249999761581421,200,5,200,default,naive-kmeans,40:60
51,85,0.5249999761581421,200,5,200,default,naive-kmeans,40:60
51,86,0.5249999761581421,200,5,200,default,naive-kmeans,40:60
51,87,0.5249999761581421,200,5,200,default,naive-kmeans,40:60
51,88,0.5249999761581421,200,5,200,default,naive-kmeans,40:60
51,89,0.5249999761581421,200,5,200,default,naive-kmeans,40:60
51,90,0.5249999761581421,200,5,200,default,naive-kmeans,40:60
51,91,0.5249999761581421,200,5,200,default,naive-kmeans,40:60
51,92,0.5249999761581421,200,5,200,default,naive-kmeans,40:60
51,93,0.5249999761581421,200,5,200,default,naive-kmeans,40:60
51,94,0.5249999761581421,200,5,200,default,naive-kmeans,40:60
51,95,0.5249999761581421,200,5,200,default,naive-kmeans,40:60
51,96,0.5249999761581421,200,5,200,default,naive-kmeans,40:60
51,97,0.5249999761581421,200,5,200,default,naive-kmeans,40:60
51,98,0.5249999761581421,200,5,200,default,naive-kmeans,40:60
51,99,0.5249999761581421,200,5,200,default,naive-kmeans,40:60
52,0,0.4699999988079071,200,5,200,default,naive-kmeans,40:60
52,1,0.4650000035762787,200,5,200,default,naive-kmeans,40:60
52,2,0.4749999940395355,200,5,200,default,naive-kmeans,40:60
52,3,0.4749999940395355,200,5,200,default,naive-kmeans,40:60
52,4,0.4749999940395355,200,5,200,default,naive-kmeans,40:60
52,5,0.4749999940395355,200,5,200,default,naive-kmeans,40:60
52,6,0.4749999940395355,200,5,200,default,naive-kmeans,40:60
52,7,0.4749999940395355,200,5,200,default,naive-kmeans,40:60
52,8,0.4749999940395355,200,5,200,default,naive-kmeans,40:60
52,9,0.4749999940395355,200,5,200,default,naive-kmeans,40:60
52,10,0.4749999940395355,200,5,200,default,naive-kmeans,40:60
52,11,0.4749999940395355,200,5,200,default,naive-kmeans,40:60
52,12,0.4749999940395355,200,5,200,default,naive-kmeans,40:60
52,13,0.4749999940395355,200,5,200,default,naive-kmeans,40:60
52,14,0.4749999940395355,200,5,200,default,naive-kmeans,40:60
52,15,0.4749999940395355,200,5,200,default,naive-kmeans,40:60
52,16,0.4749999940395355,200,5,200,default,naive-kmeans,40:60
52,17,0.4749999940395355,200,5,200,default,naive-kmeans,40:60
52,18,0.4749999940395355,200,5,200,default,naive-kmeans,40:60
52,19,0.4749999940395355,200,5,200,default,naive-kmeans,40:60
52,20,0.4749999940395355,200,5,200,default,naive-kmeans,40:60
52,21,0.4749999940395355,200,5,200,default,naive-kmeans,40:60
52,22,0.4749999940395355,200,5,200,default,naive-kmeans,40:60
52,23,0.4749999940395355,200,5,200,default,naive-kmeans,40:60
52,24,0.4749999940395355,200,5,200,default,naive-kmeans,40:60
52,25,0.4749999940395355,200,5,200,default,naive-kmeans,40:60
52,26,0.4749999940395355,200,5,200,default,naive-kmeans,40:60
52,27,0.4749999940395355,200,5,200,default,naive-kmeans,40:60
52,28,0.4749999940395355,200,5,200,default,naive-kmeans,40:60
52,29,0.4749999940395355,200,5,200,default,naive-kmeans,40:60
52,30,0.4749999940395355,200,5,200,default,naive-kmeans,40:60
52,31,0.4749999940395355,200,5,200,default,naive-kmeans,40:60
52,32,0.4749999940395355,200,5,200,default,naive-kmeans,40:60
52,33,0.4749999940395355,200,5,200,default,naive-kmeans,40:60
52,34,0.4749999940395355,200,5,200,default,naive-kmeans,40:60
52,35,0.4749999940395355,200,5,200,default,naive-kmeans,40:60
52,36,0.4749999940395355,200,5,200,default,naive-kmeans,40:60
52,37,0.4749999940395355,200,5,200,default,naive-kmeans,40:60
52,38,0.4749999940395355,200,5,200,default,naive-kmeans,40:60
52,39,0.4749999940395355,200,5,200,default,naive-kmeans,40:60
52,40,0.4749999940395355,200,5,200,default,naive-kmeans,40:60
52,41,0.4749999940395355,200,5,200,default,naive-kmeans,40:60
52,42,0.4749999940395355,200,5,200,default,naive-kmeans,40:60
52,43,0.4749999940395355,200,5,200,default,naive-kmeans,40:60
52,44,0.4749999940395355,200,5,200,default,naive-kmeans,40:60
52,45,0.4749999940395355,200,5,200,default,naive-kmeans,40:60
52,46,0.4749999940395355,200,5,200,default,naive-kmeans,40:60
52,47,0.4749999940395355,200,5,200,default,naive-kmeans,40:60
52,48,0.4749999940395355,200,5,200,default,naive-kmeans,40:60
52,49,0.4749999940395355,200,5,200,default,naive-kmeans,40:60
52,50,0.4749999940395355,200,5,200,default,naive-kmeans,40:60
52,51,0.4749999940395355,200,5,200,default,naive-kmeans,40:60
52,52,0.4749999940395355,200,5,200,default,naive-kmeans,40:60
52,53,0.4749999940395355,200,5,200,default,naive-kmeans,40:60
52,54,0.4749999940395355,200,5,200,default,naive-kmeans,40:60
52,55,0.4749999940395355,200,5,200,default,naive-kmeans,40:60
52,56,0.4749999940395355,200,5,200,default,naive-kmeans,40:60
52,57,0.4749999940395355,200,5,200,default,naive-kmeans,40:60
52,58,0.4749999940395355,200,5,200,default,naive-kmeans,40:60
52,59,0.4749999940395355,200,5,200,default,naive-kmeans,40:60
52,60,0.4749999940395355,200,5,200,default,naive-kmeans,40:60
52,61,0.4749999940395355,200,5,200,default,naive-kmeans,40:60
52,62,0.4749999940395355,200,5,200,default,naive-kmeans,40:60
52,63,0.4749999940395355,200,5,200,default,naive-kmeans,40:60
52,64,0.4749999940395355,200,5,200,default,naive-kmeans,40:60
52,65,0.4749999940395355,200,5,200,default,naive-kmeans,40:60
52,66,0.4749999940395355,200,5,200,default,naive-kmeans,40:60
52,67,0.4749999940395355,200,5,200,default,naive-kmeans,40:60
52,68,0.4749999940395355,200,5,200,default,naive-kmeans,40:60
52,69,0.4749999940395355,200,5,200,default,naive-kmeans,40:60
52,70,0.4749999940395355,200,5,200,default,naive-kmeans,40:60
52,71,0.4749999940395355,200,5,200,default,naive-kmeans,40:60
52,72,0.4749999940395355,200,5,200,default,naive-kmeans,40:60
52,73,0.4749999940395355,200,5,200,default,naive-kmeans,40:60
52,74,0.4749999940395355,200,5,200,default,naive-kmeans,40:60
52,75,0.4749999940395355,200,5,200,default,naive-kmeans,40:60
52,76,0.4749999940395355,200,5,200,default,naive-kmeans,40:60
52,77,0.4749999940395355,200,5,200,default,naive-kmeans,40:60
52,78,0.4749999940395355,200,5,200,default,naive-kmeans,40:60
52,79,0.4749999940395355,200,5,200,default,naive-kmeans,40:60
52,80,0.4749999940395355,200,5,200,default,naive-kmeans,40:60
52,81,0.4749999940395355,200,5,200,default,naive-kmeans,40:60
52,82,0.4749999940395355,200,5,200,default,naive-kmeans,40:60
52,83,0.4749999940395355,200,5,200,default,naive-kmeans,40:60
52,84,0.4749999940395355,200,5,200,default,naive-kmeans,40:60
52,85,0.4749999940395355,200,5,200,default,naive-kmeans,40:60
52,86,0.4749999940395355,200,5,200,default,naive-kmeans,40:60
52,87,0.4749999940395355,200,5,200,default,naive-kmeans,40:60
52,88,0.4749999940395355,200,5,200,default,naive-kmeans,40:60
52,89,0.4749999940395355,200,5,200,default,naive-kmeans,40:60
52,90,0.4749999940395355,200,5,200,default,naive-kmeans,40:60
52,91,0.4749999940395355,200,5,200,default,naive-kmeans,40:60
52,92,0.4749999940395355,200,5,200,default,naive-kmeans,40:60
52,93,0.4749999940395355,200,5,200,default,naive-kmeans,40:60
52,94,0.4749999940395355,200,5,200,default,naive-kmeans,40:60
52,95,0.4749999940395355,200,5,200,default,naive-kmeans,40:60
52,96,0.4749999940395355,200,5,200,default,naive-kmeans,40:60
52,97,0.4749999940395355,200,5,200,default,naive-kmeans,40:60
52,98,0.4749999940395355,200,5,200,default,naive-kmeans,40:60
52,99,0.4749999940395355,200,5,200,default,naive-kmeans,40:60
53,0,0.5249999761581421,200,5,200,default,naive-kmeans,40:60
53,1,0.5299999713897705,200,5,200,default,naive-kmeans,40:60
53,2,0.5299999713897705,200,5,200,default,naive-kmeans,40:60
53,3,0.5350000262260437,200,5,200,default,naive-kmeans,40:60
53,4,0.5400000214576721,200,5,200,default,naive-kmeans,40:60
53,5,0.5249999761581421,200,5,200,default,naive-kmeans,40:60
53,6,0.5249999761581421,200,5,200,default,naive-kmeans,40:60
53,7,0.5299999713897705,200,5,200,default,naive-kmeans,40:60
53,8,0.5249999761581421,200,5,200,default,naive-kmeans,40:60
53,9,0.5350000262260437,200,5,200,default,naive-kmeans,40:60
53,10,0.5400000214576721,200,5,200,default,naive-kmeans,40:60
53,11,0.5400000214576721,200,5,200,default,naive-kmeans,40:60
53,12,0.5400000214576721,200,5,200,default,naive-kmeans,40:60
53,13,0.5400000214576721,200,5,200,default,naive-kmeans,40:60
53,14,0.5400000214576721,200,5,200,default,naive-kmeans,40:60
53,15,0.5400000214576721,200,5,200,default,naive-kmeans,40:60
53,16,0.5400000214576721,200,5,200,default,naive-kmeans,40:60
53,17,0.5400000214576721,200,5,200,default,naive-kmeans,40:60
53,18,0.5400000214576721,200,5,200,default,naive-kmeans,40:60
53,19,0.5400000214576721,200,5,200,default,naive-kmeans,40:60
53,20,0.5400000214576721,200,5,200,default,naive-kmeans,40:60
53,21,0.5400000214576721,200,5,200,default,naive-kmeans,40:60
53,22,0.5400000214576721,200,5,200,default,naive-kmeans,40:60
53,23,0.5400000214576721,200,5,200,default,naive-kmeans,40:60
53,24,0.5400000214576721,200,5,200,default,naive-kmeans,40:60
53,25,0.5400000214576721,200,5,200,default,naive-kmeans,40:60
53,26,0.5400000214576721,200,5,200,default,naive-kmeans,40:60
53,27,0.5400000214576721,200,5,200,default,naive-kmeans,40:60
53,28,0.5400000214576721,200,5,200,default,naive-kmeans,40:60
53,29,0.5400000214576721,200,5,200,default,naive-kmeans,40:60
53,30,0.5400000214576721,200,5,200,default,naive-kmeans,40:60
53,31,0.5400000214576721,200,5,200,default,naive-kmeans,40:60
53,32,0.5400000214576721,200,5,200,default,naive-kmeans,40:60
53,33,0.5400000214576721,200,5,200,default,naive-kmeans,40:60
53,34,0.5400000214576721,200,5,200,default,naive-kmeans,40:60
53,35,0.5400000214576721,200,5,200,default,naive-kmeans,40:60
53,36,0.5400000214576721,200,5,200,default,naive-kmeans,40:60
53,37,0.5400000214576721,200,5,200,default,naive-kmeans,40:60
53,38,0.5400000214576721,200,5,200,default,naive-kmeans,40:60
53,39,0.5400000214576721,200,5,200,default,naive-kmeans,40:60
53,40,0.5400000214576721,200,5,200,default,naive-kmeans,40:60
53,41,0.5400000214576721,200,5,200,default,naive-kmeans,40:60
53,42,0.5400000214576721,200,5,200,default,naive-kmeans,40:60
53,43,0.5400000214576721,200,5,200,default,naive-kmeans,40:60
53,44,0.5400000214576721,200,5,200,default,naive-kmeans,40:60
53,45,0.5400000214576721,200,5,200,default,naive-kmeans,40:60
53,46,0.5400000214576721,200,5,200,default,naive-kmeans,40:60
53,47,0.5400000214576721,200,5,200,default,naive-kmeans,40:60
53,48,0.5400000214576721,200,5,200,default,naive-kmeans,40:60
53,49,0.5400000214576721,200,5,200,default,naive-kmeans,40:60
53,50,0.5400000214576721,200,5,200,default,naive-kmeans,40:60
53,51,0.5400000214576721,200,5,200,default,naive-kmeans,40:60
53,52,0.5400000214576721,200,5,200,default,naive-kmeans,40:60
53,53,0.5400000214576721,200,5,200,default,naive-kmeans,40:60
53,54,0.5400000214576721,200,5,200,default,naive-kmeans,40:60
53,55,0.5400000214576721,200,5,200,default,naive-kmeans,40:60
53,56,0.5400000214576721,200,5,200,default,naive-kmeans,40:60
53,57,0.5400000214576721,200,5,200,default,naive-kmeans,40:60
53,58,0.5400000214576721,200,5,200,default,naive-kmeans,40:60
53,59,0.5400000214576721,200,5,200,default,naive-kmeans,40:60
53,60,0.5400000214576721,200,5,200,default,naive-kmeans,40:60
53,61,0.5400000214576721,200,5,200,default,naive-kmeans,40:60
53,62,0.5400000214576721,200,5,200,default,naive-kmeans,40:60
53,63,0.5400000214576721,200,5,200,default,naive-kmeans,40:60
53,64,0.5400000214576721,200,5,200,default,naive-kmeans,40:60
53,65,0.5400000214576721,200,5,200,default,naive-kmeans,40:60
53,66,0.5400000214576721,200,5,200,default,naive-kmeans,40:60
53,67,0.5400000214576721,200,5,200,default,naive-kmeans,40:60
53,68,0.5400000214576721,200,5,200,default,naive-kmeans,40:60
53,69,0.5400000214576721,200,5,200,default,naive-kmeans,40:60
53,70,0.5400000214576721,200,5,200,default,naive-kmeans,40:60
53,71,0.5400000214576721,200,5,200,default,naive-kmeans,40:60
53,72,0.5400000214576721,200,5,200,default,naive-kmeans,40:60
53,73,0.5400000214576721,200,5,200,default,naive-kmeans,40:60
53,74,0.5400000214576721,200,5,200,default,naive-kmeans,40:60
53,75,0.5400000214576721,200,5,200,default,naive-kmeans,40:60
53,76,0.5400000214576721,200,5,200,default,naive-kmeans,40:60
53,77,0.5400000214576721,200,5,200,default,naive-kmeans,40:60
53,78,0.5400000214576721,200,5,200,default,naive-kmeans,40:60
53,79,0.5400000214576721,200,5,200,default,naive-kmeans,40:60
53,80,0.5400000214576721,200,5,200,default,naive-kmeans,40:60
53,81,0.5400000214576721,200,5,200,default,naive-kmeans,40:60
53,82,0.5400000214576721,200,5,200,default,naive-kmeans,40:60
53,83,0.5400000214576721,200,5,200,default,naive-kmeans,40:60
53,84,0.5400000214576721,200,5,200,default,naive-kmeans,40:60
53,85,0.5400000214576721,200,5,200,default,naive-kmeans,40:60
53,86,0.5400000214576721,200,5,200,default,naive-kmeans,40:60
53,87,0.5400000214576721,200,5,200,default,naive-kmeans,40:60
53,88,0.5400000214576721,200,5,200,default,naive-kmeans,40:60
53,89,0.5400000214576721,200,5,200,default,naive-kmeans,40:60
53,90,0.5400000214576721,200,5,200,default,naive-kmeans,40:60
53,91,0.5400000214576721,200,5,200,default,naive-kmeans,40:60
53,92,0.5400000214576721,200,5,200,default,naive-kmeans,40:60
53,93,0.5400000214576721,200,5,200,default,naive-kmeans,40:60
53,94,0.5400000214576721,200,5,200,default,naive-kmeans,40:60
53,95,0.5400000214576721,200,5,200,default,naive-kmeans,40:60
53,96,0.5400000214576721,200,5,200,default,naive-kmeans,40:60
53,97,0.5400000214576721,200,5,200,default,naive-kmeans,40:60
53,98,0.5400000214576721,200,5,200,default,naive-kmeans,40:60
53,99,0.5400000214576721,200,5,200,default,naive-kmeans,40:60
54,0,0.5249999761581421,200,5,200,default,naive-kmeans,40:60
54,1,0.550000011920929,200,5,200,default,naive-kmeans,40:60
54,2,0.5149999856948853,200,5,200,default,naive-kmeans,40:60
54,3,0.5249999761581421,200,5,200,default,naive-kmeans,40:60
54,4,0.5249999761581421,200,5,200,default,naive-kmeans,40:60
54,5,0.5400000214576721,200,5,200,default,naive-kmeans,40:60
54,6,0.5450000166893005,200,5,200,default,naive-kmeans,40:60
54,7,0.5350000262260437,200,5,200,default,naive-kmeans,40:60
54,8,0.550000011920929,200,5,200,default,naive-kmeans,40:60
54,9,0.550000011920929,200,5,200,default,naive-kmeans,40:60
54,10,0.550000011920929,200,5,200,default,naive-kmeans,40:60
54,11,0.550000011920929,200,5,200,default,naive-kmeans,40:60
54,12,0.550000011920929,200,5,200,default,naive-kmeans,40:60
54,13,0.550000011920929,200,5,200,default,naive-kmeans,40:60
54,14,0.550000011920929,200,5,200,default,naive-kmeans,40:60
54,15,0.550000011920929,200,5,200,default,naive-kmeans,40:60
54,16,0.550000011920929,200,5,200,default,naive-kmeans,40:60
54,17,0.550000011920929,200,5,200,default,naive-kmeans,40:60
54,18,0.550000011920929,200,5,200,default,naive-kmeans,40:60
54,19,0.550000011920929,200,5,200,default,naive-kmeans,40:60
54,20,0.550000011920929,200,5,200,default,naive-kmeans,40:60
54,21,0.550000011920929,200,5,200,default,naive-kmeans,40:60
54,22,0.550000011920929,200,5,200,default,naive-kmeans,40:60
54,23,0.550000011920929,200,5,200,default,naive-kmeans,40:60
54,24,0.550000011920929,200,5,200,default,naive-kmeans,40:60
54,25,0.550000011920929,200,5,200,default,naive-kmeans,40:60
54,26,0.550000011920929,200,5,200,default,naive-kmeans,40:60
54,27,0.550000011920929,200,5,200,default,naive-kmeans,40:60
54,28,0.550000011920929,200,5,200,default,naive-kmeans,40:60
54,29,0.550000011920929,200,5,200,default,naive-kmeans,40:60
54,30,0.550000011920929,200,5,200,default,naive-kmeans,40:60
54,31,0.550000011920929,200,5,200,default,naive-kmeans,40:60
54,32,0.550000011920929,200,5,200,default,naive-kmeans,40:60
54,33,0.550000011920929,200,5,200,default,naive-kmeans,40:60
54,34,0.550000011920929,200,5,200,default,naive-kmeans,40:60
54,35,0.550000011920929,200,5,200,default,naive-kmeans,40:60
54,36,0.550000011920929,200,5,200,default,naive-kmeans,40:60
54,37,0.550000011920929,200,5,200,default,naive-kmeans,40:60
54,38,0.550000011920929,200,5,200,default,naive-kmeans,40:60
54,39,0.550000011920929,200,5,200,default,naive-kmeans,40:60
54,40,0.550000011920929,200,5,200,default,naive-kmeans,40:60
54,41,0.550000011920929,200,5,200,default,naive-kmeans,40:60
54,42,0.550000011920929,200,5,200,default,naive-kmeans,40:60
54,43,0.550000011920929,200,5,200,default,naive-kmeans,40:60
54,44,0.550000011920929,200,5,200,default,naive-kmeans,40:60
54,45,0.550000011920929,200,5,200,default,naive-kmeans,40:60
54,46,0.550000011920929,200,5,200,default,naive-kmeans,40:60
54,47,0.550000011920929,200,5,200,default,naive-kmeans,40:60
54,48,0.550000011920929,200,5,200,default,naive-kmeans,40:60
54,49,0.550000011920929,200,5,200,default,naive-kmeans,40:60
54,50,0.550000011920929,200,5,200,default,naive-kmeans,40:60
54,51,0.550000011920929,200,5,200,default,naive-kmeans,40:60
54,52,0.550000011920929,200,5,200,default,naive-kmeans,40:60
54,53,0.550000011920929,200,5,200,default,naive-kmeans,40:60
54,54,0.550000011920929,200,5,200,default,naive-kmeans,40:60
54,55,0.550000011920929,200,5,200,default,naive-kmeans,40:60
54,56,0.550000011920929,200,5,200,default,naive-kmeans,40:60
54,57,0.550000011920929,200,5,200,default,naive-kmeans,40:60
54,58,0.550000011920929,200,5,200,default,naive-kmeans,40:60
54,59,0.550000011920929,200,5,200,default,naive-kmeans,40:60
54,60,0.550000011920929,200,5,200,default,naive-kmeans,40:60
54,61,0.550000011920929,200,5,200,default,naive-kmeans,40:60
54,62,0.550000011920929,200,5,200,default,naive-kmeans,40:60
54,63,0.550000011920929,200,5,200,default,naive-kmeans,40:60
54,64,0.550000011920929,200,5,200,default,naive-kmeans,40:60
54,65,0.550000011920929,200,5,200,default,naive-kmeans,40:60
54,66,0.550000011920929,200,5,200,default,naive-kmeans,40:60
54,67,0.550000011920929,200,5,200,default,naive-kmeans,40:60
54,68,0.550000011920929,200,5,200,default,naive-kmeans,40:60
54,69,0.550000011920929,200,5,200,default,naive-kmeans,40:60
54,70,0.550000011920929,200,5,200,default,naive-kmeans,40:60
54,71,0.550000011920929,200,5,200,default,naive-kmeans,40:60
54,72,0.550000011920929,200,5,200,default,naive-kmeans,40:60
54,73,0.550000011920929,200,5,200,default,naive-kmeans,40:60
54,74,0.550000011920929,200,5,200,default,naive-kmeans,40:60
54,75,0.550000011920929,200,5,200,default,naive-kmeans,40:60
54,76,0.550000011920929,200,5,200,default,naive-kmeans,40:60
54,77,0.550000011920929,200,5,200,default,naive-kmeans,40:60
54,78,0.550000011920929,200,5,200,default,naive-kmeans,40:60
54,79,0.550000011920929,200,5,200,default,naive-kmeans,40:60
54,80,0.550000011920929,200,5,200,default,naive-kmeans,40:60
54,81,0.550000011920929,200,5,200,default,naive-kmeans,40:60
54,82,0.550000011920929,200,5,200,default,naive-kmeans,40:60
54,83,0.550000011920929,200,5,200,default,naive-kmeans,40:60
54,84,0.550000011920929,200,5,200,default,naive-kmeans,40:60
54,85,0.550000011920929,200,5,200,default,naive-kmeans,40:60
54,86,0.550000011920929,200,5,200,default,naive-kmeans,40:60
54,87,0.550000011920929,200,5,200,default,naive-kmeans,40:60
54,88,0.550000011920929,200,5,200,default,naive-kmeans,40:60
54,89,0.550000011920929,200,5,200,default,naive-kmeans,40:60
54,90,0.550000011920929,200,5,200,default,naive-kmeans,40:60
54,91,0.550000011920929,200,5,200,default,naive-kmeans,40:60
54,92,0.550000011920929,200,5,200,default,naive-kmeans,40:60
54,93,0.550000011920929,200,5,200,default,naive-kmeans,40:60
54,94,0.550000011920929,200,5,200,default,naive-kmeans,40:60
54,95,0.550000011920929,200,5,200,default,naive-kmeans,40:60
54,96,0.550000011920929,200,5,200,default,naive-kmeans,40:60
54,97,0.550000011920929,200,5,200,default,naive-kmeans,40:60
54,98,0.550000011920929,200,5,200,default,naive-kmeans,40:60
54,99,0.550000011920929,200,5,200,default,naive-kmeans,40:60
55,0,0.5299999713897705,200,5,200,default,naive-kmeans,40:60
55,1,0.5350000262260437,200,5,200,default,naive-kmeans,40:60
55,2,0.49000000953674316,200,5,200,default,naive-kmeans,40:60
55,3,0.5299999713897705,200,5,200,default,naive-kmeans,40:60
55,4,0.5350000262260437,200,5,200,default,naive-kmeans,40:60
55,5,0.5350000262260437,200,5,200,default,naive-kmeans,40:60
55,6,0.5350000262260437,200,5,200,default,naive-kmeans,40:60
55,7,0.5350000262260437,200,5,200,default,naive-kmeans,40:60
55,8,0.5350000262260437,200,5,200,default,naive-kmeans,40:60
55,9,0.5350000262260437,200,5,200,default,naive-kmeans,40:60
55,10,0.5350000262260437,200,5,200,default,naive-kmeans,40:60
55,11,0.5350000262260437,200,5,200,default,naive-kmeans,40:60
55,12,0.5350000262260437,200,5,200,default,naive-kmeans,40:60
55,13,0.5350000262260437,200,5,200,default,naive-kmeans,40:60
55,14,0.5350000262260437,200,5,200,default,naive-kmeans,40:60
55,15,0.5350000262260437,200,5,200,default,naive-kmeans,40:60
55,16,0.5350000262260437,200,5,200,default,naive-kmeans,40:60
55,17,0.5350000262260437,200,5,200,default,naive-kmeans,40:60
55,18,0.5350000262260437,200,5,200,default,naive-kmeans,40:60
55,19,0.5350000262260437,200,5,200,default,naive-kmeans,40:60
55,20,0.5350000262260437,200,5,200,default,naive-kmeans,40:60
55,21,0.5350000262260437,200,5,200,default,naive-kmeans,40:60
55,22,0.5350000262260437,200,5,200,default,naive-kmeans,40:60
55,23,0.5350000262260437,200,5,200,default,naive-kmeans,40:60
55,24,0.5350000262260437,200,5,200,default,naive-kmeans,40:60
55,25,0.5350000262260437,200,5,200,default,naive-kmeans,40:60
55,26,0.5350000262260437,200,5,200,default,naive-kmeans,40:60
55,27,0.5350000262260437,200,5,200,default,naive-kmeans,40:60
55,28,0.5350000262260437,200,5,200,default,naive-kmeans,40:60
55,29,0.5350000262260437,200,5,200,default,naive-kmeans,40:60
55,30,0.5350000262260437,200,5,200,default,naive-kmeans,40:60
55,31,0.5350000262260437,200,5,200,default,naive-kmeans,40:60
55,32,0.5350000262260437,200,5,200,default,naive-kmeans,40:60
55,33,0.5350000262260437,200,5,200,default,naive-kmeans,40:60
55,34,0.5350000262260437,200,5,200,default,naive-kmeans,40:60
55,35,0.5350000262260437,200,5,200,default,naive-kmeans,40:60
55,36,0.5350000262260437,200,5,200,default,naive-kmeans,40:60
55,37,0.5350000262260437,200,5,200,default,naive-kmeans,40:60
55,38,0.5350000262260437,200,5,200,default,naive-kmeans,40:60
55,39,0.5350000262260437,200,5,200,default,naive-kmeans,40:60
55,40,0.5350000262260437,200,5,200,default,naive-kmeans,40:60
55,41,0.5350000262260437,200,5,200,default,naive-kmeans,40:60
55,42,0.5350000262260437,200,5,200,default,naive-kmeans,40:60
55,43,0.5350000262260437,200,5,200,default,naive-kmeans,40:60
55,44,0.5350000262260437,200,5,200,default,naive-kmeans,40:60
55,45,0.5350000262260437,200,5,200,default,naive-kmeans,40:60
55,46,0.5350000262260437,200,5,200,default,naive-kmeans,40:60
55,47,0.5350000262260437,200,5,200,default,naive-kmeans,40:60
55,48,0.5350000262260437,200,5,200,default,naive-kmeans,40:60
55,49,0.5350000262260437,200,5,200,default,naive-kmeans,40:60
55,50,0.5350000262260437,200,5,200,default,naive-kmeans,40:60
55,51,0.5350000262260437,200,5,200,default,naive-kmeans,40:60
55,52,0.5350000262260437,200,5,200,default,naive-kmeans,40:60
55,53,0.5350000262260437,200,5,200,default,naive-kmeans,40:60
55,54,0.5350000262260437,200,5,200,default,naive-kmeans,40:60
55,55,0.5350000262260437,200,5,200,default,naive-kmeans,40:60
55,56,0.5350000262260437,200,5,200,default,naive-kmeans,40:60
55,57,0.5350000262260437,200,5,200,default,naive-kmeans,40:60
55,58,0.5350000262260437,200,5,200,default,naive-kmeans,40:60
55,59,0.5350000262260437,200,5,200,default,naive-kmeans,40:60
55,60,0.5350000262260437,200,5,200,default,naive-kmeans,40:60
55,61,0.5350000262260437,200,5,200,default,naive-kmeans,40:60
55,62,0.5350000262260437,200,5,200,default,naive-kmeans,40:60
55,63,0.5350000262260437,200,5,200,default,naive-kmeans,40:60
55,64,0.5350000262260437,200,5,200,default,naive-kmeans,40:60
55,65,0.5350000262260437,200,5,200,default,naive-kmeans,40:60
55,66,0.5350000262260437,200,5,200,default,naive-kmeans,40:60
55,67,0.5350000262260437,200,5,200,default,naive-kmeans,40:60
55,68,0.5350000262260437,200,5,200,default,naive-kmeans,40:60
55,69,0.5350000262260437,200,5,200,default,naive-kmeans,40:60
55,70,0.5350000262260437,200,5,200,default,naive-kmeans,40:60
55,71,0.5350000262260437,200,5,200,default,naive-kmeans,40:60
55,72,0.5350000262260437,200,5,200,default,naive-kmeans,40:60
55,73,0.5350000262260437,200,5,200,default,naive-kmeans,40:60
55,74,0.5350000262260437,200,5,200,default,naive-kmeans,40:60
55,75,0.5350000262260437,200,5,200,default,naive-kmeans,40:60
55,76,0.5350000262260437,200,5,200,default,naive-kmeans,40:60
55,77,0.5350000262260437,200,5,200,default,naive-kmeans,40:60
55,78,0.5350000262260437,200,5,200,default,naive-kmeans,40:60
55,79,0.5350000262260437,200,5,200,default,naive-kmeans,40:60
55,80,0.5350000262260437,200,5,200,default,naive-kmeans,40:60
55,81,0.5350000262260437,200,5,200,default,naive-kmeans,40:60
55,82,0.5350000262260437,200,5,200,default,naive-kmeans,40:60
55,83,0.5350000262260437,200,5,200,default,naive-kmeans,40:60
55,84,0.5350000262260437,200,5,200,default,naive-kmeans,40:60
55,85,0.5350000262260437,200,5,200,default,naive-kmeans,40:60
55,86,0.5350000262260437,200,5,200,default,naive-kmeans,40:60
55,87,0.5350000262260437,200,5,200,default,naive-kmeans,40:60
55,88,0.5350000262260437,200,5,200,default,naive-kmeans,40:60
55,89,0.5350000262260437,200,5,200,default,naive-kmeans,40:60
55,90,0.5350000262260437,200,5,200,default,naive-kmeans,40:60
55,91,0.5350000262260437,200,5,200,default,naive-kmeans,40:60
55,92,0.5350000262260437,200,5,200,default,naive-kmeans,40:60
55,93,0.5350000262260437,200,5,200,default,naive-kmeans,40:60
55,94,0.5350000262260437,200,5,200,default,naive-kmeans,40:60
55,95,0.5350000262260437,200,5,200,default,naive-kmeans,40:60
55,96,0.5350000262260437,200,5,200,default,naive-kmeans,40:60
55,97,0.5350000262260437,200,5,200,default,naive-kmeans,40:60
55,98,0.5350000262260437,200,5,200,default,naive-kmeans,40:60
55,99,0.5350000262260437,200,5,200,default,naive-kmeans,40:60
56,0,0.5149999856948853,200,5,200,default,naive-kmeans,40:60
56,1,0.5049999952316284,200,5,200,default,naive-kmeans,40:60
56,2,0.5049999952316284,200,5,200,default,naive-kmeans,40:60
56,3,0.5099999904632568,200,5,200,default,naive-kmeans,40:60
56,4,0.5199999809265137,200,5,200,default,naive-kmeans,40:60
56,5,0.5049999952316284,200,5,200,default,naive-kmeans,40:60
56,6,0.5049999952316284,200,5,200,default,naive-kmeans,40:60
56,7,0.5249999761581421,200,5,200,default,naive-kmeans,40:60
56,8,0.5,200,5,200,default,naive-kmeans,40:60
56,9,0.4950000047683716,200,5,200,default,naive-kmeans,40:60
56,10,0.5199999809265137,200,5,200,default,naive-kmeans,40:60
56,11,0.5249999761581421,200,5,200,default,naive-kmeans,40:60
56,12,0.5249999761581421,200,5,200,default,naive-kmeans,40:60
56,13,0.5249999761581421,200,5,200,default,naive-kmeans,40:60
56,14,0.5249999761581421,200,5,200,default,naive-kmeans,40:60
56,15,0.5249999761581421,200,5,200,default,naive-kmeans,40:60
56,16,0.5249999761581421,200,5,200,default,naive-kmeans,40:60
56,17,0.5249999761581421,200,5,200,default,naive-kmeans,40:60
56,18,0.5249999761581421,200,5,200,default,naive-kmeans,40:60
56,19,0.5249999761581421,200,5,200,default,naive-kmeans,40:60
56,20,0.5249999761581421,200,5,200,default,naive-kmeans,40:60
56,21,0.5249999761581421,200,5,200,default,naive-kmeans,40:60
56,22,0.5249999761581421,200,5,200,default,naive-kmeans,40:60
56,23,0.5249999761581421,200,5,200,default,naive-kmeans,40:60
56,24,0.5249999761581421,200,5,200,default,naive-kmeans,40:60
56,25,0.5249999761581421,200,5,200,default,naive-kmeans,40:60
56,26,0.5249999761581421,200,5,200,default,naive-kmeans,40:60
56,27,0.5249999761581421,200,5,200,default,naive-kmeans,40:60
56,28,0.5249999761581421,200,5,200,default,naive-kmeans,40:60
56,29,0.5249999761581421,200,5,200,default,naive-kmeans,40:60
56,30,0.5249999761581421,200,5,200,default,naive-kmeans,40:60
56,31,0.5249999761581421,200,5,200,default,naive-kmeans,40:60
56,32,0.5249999761581421,200,5,200,default,naive-kmeans,40:60
56,33,0.5249999761581421,200,5,200,default,naive-kmeans,40:60
56,34,0.5249999761581421,200,5,200,default,naive-kmeans,40:60
56,35,0.5249999761581421,200,5,200,default,naive-kmeans,40:60
56,36,0.5249999761581421,200,5,200,default,naive-kmeans,40:60
56,37,0.5249999761581421,200,5,200,default,naive-kmeans,40:60
56,38,0.5249999761581421,200,5,200,default,naive-kmeans,40:60
56,39,0.5249999761581421,200,5,200,default,naive-kmeans,40:60
56,40,0.5249999761581421,200,5,200,default,naive-kmeans,40:60
56,41,0.5249999761581421,200,5,200,default,naive-kmeans,40:60
56,42,0.5249999761581421,200,5,200,default,naive-kmeans,40:60
56,43,0.5249999761581421,200,5,200,default,naive-kmeans,40:60
56,44,0.5249999761581421,200,5,200,default,naive-kmeans,40:60
56,45,0.5249999761581421,200,5,200,default,naive-kmeans,40:60
56,46,0.5249999761581421,200,5,200,default,naive-kmeans,40:60
56,47,0.5249999761581421,200,5,200,default,naive-kmeans,40:60
56,48,0.5249999761581421,200,5,200,default,naive-kmeans,40:60
56,49,0.5249999761581421,200,5,200,default,naive-kmeans,40:60
56,50,0.5249999761581421,200,5,200,default,naive-kmeans,40:60
56,51,0.5249999761581421,200,5,200,default,naive-kmeans,40:60
56,52,0.5249999761581421,200,5,200,default,naive-kmeans,40:60
56,53,0.5249999761581421,200,5,200,default,naive-kmeans,40:60
56,54,0.5249999761581421,200,5,200,default,naive-kmeans,40:60
56,55,0.5249999761581421,200,5,200,default,naive-kmeans,40:60
56,56,0.5249999761581421,200,5,200,default,naive-kmeans,40:60
56,57,0.5249999761581421,200,5,200,default,naive-kmeans,40:60
56,58,0.5249999761581421,200,5,200,default,naive-kmeans,40:60
56,59,0.5249999761581421,200,5,200,default,naive-kmeans,40:60
56,60,0.5249999761581421,200,5,200,default,naive-kmeans,40:60
56,61,0.5249999761581421,200,5,200,default,naive-kmeans,40:60
56,62,0.5249999761581421,200,5,200,default,naive-kmeans,40:60
56,63,0.5249999761581421,200,5,200,default,naive-kmeans,40:60
56,64,0.5249999761581421,200,5,200,default,naive-kmeans,40:60
56,65,0.5249999761581421,200,5,200,default,naive-kmeans,40:60
56,66,0.5249999761581421,200,5,200,default,naive-kmeans,40:60
56,67,0.5249999761581421,200,5,200,default,naive-kmeans,40:60
56,68,0.5249999761581421,200,5,200,default,naive-kmeans,40:60
56,69,0.5249999761581421,200,5,200,default,naive-kmeans,40:60
56,70,0.5249999761581421,200,5,200,default,naive-kmeans,40:60
56,71,0.5249999761581421,200,5,200,default,naive-kmeans,40:60
56,72,0.5249999761581421,200,5,200,default,naive-kmeans,40:60
56,73,0.5249999761581421,200,5,200,default,naive-kmeans,40:60
56,74,0.5249999761581421,200,5,200,default,naive-kmeans,40:60
56,75,0.5249999761581421,200,5,200,default,naive-kmeans,40:60
56,76,0.5249999761581421,200,5,200,default,naive-kmeans,40:60
56,77,0.5249999761581421,200,5,200,default,naive-kmeans,40:60
56,78,0.5249999761581421,200,5,200,default,naive-kmeans,40:60
56,79,0.5249999761581421,200,5,200,default,naive-kmeans,40:60
56,80,0.5249999761581421,200,5,200,default,naive-kmeans,40:60
56,81,0.5249999761581421,200,5,200,default,naive-kmeans,40:60
56,82,0.5249999761581421,200,5,200,default,naive-kmeans,40:60
56,83,0.5249999761581421,200,5,200,default,naive-kmeans,40:60
56,84,0.5249999761581421,200,5,200,default,naive-kmeans,40:60
56,85,0.5249999761581421,200,5,200,default,naive-kmeans,40:60
56,86,0.5249999761581421,200,5,200,default,naive-kmeans,40:60
56,87,0.5249999761581421,200,5,200,default,naive-kmeans,40:60
56,88,0.5249999761581421,200,5,200,default,naive-kmeans,40:60
56,89,0.5249999761581421,200,5,200,default,naive-kmeans,40:60
56,90,0.5249999761581421,200,5,200,default,naive-kmeans,40:60
56,91,0.5249999761581421,200,5,200,default,naive-kmeans,40:60
56,92,0.5249999761581421,200,5,200,default,naive-kmeans,40:60
56,93,0.5249999761581421,200,5,200,default,naive-kmeans,40:60
56,94,0.5249999761581421,200,5,200,default,naive-kmeans,40:60
56,95,0.5249999761581421,200,5,200,default,naive-kmeans,40:60
56,96,0.5249999761581421,200,5,200,default,naive-kmeans,40:60
56,97,0.5249999761581421,200,5,200,default,naive-kmeans,40:60
56,98,0.5249999761581421,200,5,200,default,naive-kmeans,40:60
56,99,0.5249999761581421,200,5,200,default,naive-kmeans,40:60
57,0,0.5049999952316284,200,5,200,default,naive-kmeans,40:60
57,1,0.5099999904632568,200,5,200,default,naive-kmeans,40:60
57,2,0.5099999904632568,200,5,200,default,naive-kmeans,40:60
57,3,0.5199999809265137,200,5,200,default,naive-kmeans,40:60
57,4,0.4950000047683716,200,5,200,default,naive-kmeans,40:60
57,5,0.5,200,5,200,default,naive-kmeans,40:60
57,6,0.5199999809265137,200,5,200,default,naive-kmeans,40:60
57,7,0.5199999809265137,200,5,200,default,naive-kmeans,40:60
57,8,0.5199999809265137,200,5,200,default,naive-kmeans,40:60
57,9,0.5199999809265137,200,5,200,default,naive-kmeans,40:60
57,10,0.5199999809265137,200,5,200,default,naive-kmeans,40:60
57,11,0.5199999809265137,200,5,200,default,naive-kmeans,40:60
57,12,0.5199999809265137,200,5,200,default,naive-kmeans,40:60
57,13,0.5199999809265137,200,5,200,default,naive-kmeans,40:60
57,14,0.5199999809265137,200,5,200,default,naive-kmeans,40:60
57,15,0.5199999809265137,200,5,200,default,naive-kmeans,40:60
57,16,0.5199999809265137,200,5,200,default,naive-kmeans,40:60
57,17,0.5199999809265137,200,5,200,default,naive-kmeans,40:60
57,18,0.5199999809265137,200,5,200,default,naive-kmeans,40:60
57,19,0.5199999809265137,200,5,200,default,naive-kmeans,40:60
57,20,0.5199999809265137,200,5,200,default,naive-kmeans,40:60
57,21,0.5199999809265137,200,5,200,default,naive-kmeans,40:60
57,22,0.5199999809265137,200,5,200,default,naive-kmeans,40:60
57,23,0.5199999809265137,200,5,200,default,naive-kmeans,40:60
57,24,0.5199999809265137,200,5,200,default,naive-kmeans,40:60
57,25,0.5199999809265137,200,5,200,default,naive-kmeans,40:60
57,26,0.5199999809265137,200,5,200,default,naive-kmeans,40:60
57,27,0.5199999809265137,200,5,200,default,naive-kmeans,40:60
57,28,0.5199999809265137,200,5,200,default,naive-kmeans,40:60
57,29,0.5199999809265137,200,5,200,default,naive-kmeans,40:60
57,30,0.5199999809265137,200,5,200,default,naive-kmeans,40:60
57,31,0.5199999809265137,200,5,200,default,naive-kmeans,40:60
57,32,0.5199999809265137,200,5,200,default,naive-kmeans,40:60
57,33,0.5199999809265137,200,5,200,default,naive-kmeans,40:60
57,34,0.5199999809265137,200,5,200,default,naive-kmeans,40:60
57,35,0.5199999809265137,200,5,200,default,naive-kmeans,40:60
57,36,0.5199999809265137,200,5,200,default,naive-kmeans,40:60
57,37,0.5199999809265137,200,5,200,default,naive-kmeans,40:60
57,38,0.5199999809265137,200,5,200,default,naive-kmeans,40:60
57,39,0.5199999809265137,200,5,200,default,naive-kmeans,40:60
57,40,0.5199999809265137,200,5,200,default,naive-kmeans,40:60
57,41,0.5199999809265137,200,5,200,default,naive-kmeans,40:60
57,42,0.5199999809265137,200,5,200,default,naive-kmeans,40:60
57,43,0.5199999809265137,200,5,200,default,naive-kmeans,40:60
57,44,0.5199999809265137,200,5,200,default,naive-kmeans,40:60
57,45,0.5199999809265137,200,5,200,default,naive-kmeans,40:60
57,46,0.5199999809265137,200,5,200,default,naive-kmeans,40:60
57,47,0.5199999809265137,200,5,200,default,naive-kmeans,40:60
57,48,0.5199999809265137,200,5,200,default,naive-kmeans,40:60
57,49,0.5199999809265137,200,5,200,default,naive-kmeans,40:60
57,50,0.5199999809265137,200,5,200,default,naive-kmeans,40:60
57,51,0.5199999809265137,200,5,200,default,naive-kmeans,40:60
57,52,0.5199999809265137,200,5,200,default,naive-kmeans,40:60
57,53,0.5199999809265137,200,5,200,default,naive-kmeans,40:60
57,54,0.5199999809265137,200,5,200,default,naive-kmeans,40:60
57,55,0.5199999809265137,200,5,200,default,naive-kmeans,40:60
57,56,0.5199999809265137,200,5,200,default,naive-kmeans,40:60
57,57,0.5199999809265137,200,5,200,default,naive-kmeans,40:60
57,58,0.5199999809265137,200,5,200,default,naive-kmeans,40:60
57,59,0.5199999809265137,200,5,200,default,naive-kmeans,40:60
57,60,0.5199999809265137,200,5,200,default,naive-kmeans,40:60
57,61,0.5199999809265137,200,5,200,default,naive-kmeans,40:60
57,62,0.5199999809265137,200,5,200,default,naive-kmeans,40:60
57,63,0.5199999809265137,200,5,200,default,naive-kmeans,40:60
57,64,0.5199999809265137,200,5,200,default,naive-kmeans,40:60
57,65,0.5199999809265137,200,5,200,default,naive-kmeans,40:60
57,66,0.5199999809265137,200,5,200,default,naive-kmeans,40:60
57,67,0.5199999809265137,200,5,200,default,naive-kmeans,40:60
57,68,0.5199999809265137,200,5,200,default,naive-kmeans,40:60
57,69,0.5199999809265137,200,5,200,default,naive-kmeans,40:60
57,70,0.5199999809265137,200,5,200,default,naive-kmeans,40:60
57,71,0.5199999809265137,200,5,200,default,naive-kmeans,40:60
57,72,0.5199999809265137,200,5,200,default,naive-kmeans,40:60
57,73,0.5199999809265137,200,5,200,default,naive-kmeans,40:60
57,74,0.5199999809265137,200,5,200,default,naive-kmeans,40:60
57,75,0.5199999809265137,200,5,200,default,naive-kmeans,40:60
57,76,0.5199999809265137,200,5,200,default,naive-kmeans,40:60
57,77,0.5199999809265137,200,5,200,default,naive-kmeans,40:60
57,78,0.5199999809265137,200,5,200,default,naive-kmeans,40:60
57,79,0.5199999809265137,200,5,200,default,naive-kmeans,40:60
57,80,0.5199999809265137,200,5,200,default,naive-kmeans,40:60
57,81,0.5199999809265137,200,5,200,default,naive-kmeans,40:60
57,82,0.5199999809265137,200,5,200,default,naive-kmeans,40:60
57,83,0.5199999809265137,200,5,200,default,naive-kmeans,40:60
57,84,0.5199999809265137,200,5,200,default,naive-kmeans,40:60
57,85,0.5199999809265137,200,5,200,default,naive-kmeans,40:60
57,86,0.5199999809265137,200,5,200,default,naive-kmeans,40:60
57,87,0.5199999809265137,200,5,200,default,naive-kmeans,40:60
57,88,0.5199999809265137,200,5,200,default,naive-kmeans,40:60
57,89,0.5199999809265137,200,5,200,default,naive-kmeans,40:60
57,90,0.5199999809265137,200,5,200,default,naive-kmeans,40:60
57,91,0.5199999809265137,200,5,200,default,naive-kmeans,40:60
57,92,0.5199999809265137,200,5,200,default,naive-kmeans,40:60
57,93,0.5199999809265137,200,5,200,default,naive-kmeans,40:60
57,94,0.5199999809265137,200,5,200,default,naive-kmeans,40:60
57,95,0.5199999809265137,200,5,200,default,naive-kmeans,40:60
57,96,0.5199999809265137,200,5,200,default,naive-kmeans,40:60
57,97,0.5199999809265137,200,5,200,default,naive-kmeans,40:60
57,98,0.5199999809265137,200,5,200,default,naive-kmeans,40:60
57,99,0.5199999809265137,200,5,200,default,naive-kmeans,40:60
58,0,0.5099999904632568,200,5,200,default,naive-kmeans,40:60
58,1,0.5049999952316284,200,5,200,default,naive-kmeans,40:60
58,2,0.4699999988079071,200,5,200,default,naive-kmeans,40:60
58,3,0.4699999988079071,200,5,200,default,naive-kmeans,40:60
58,4,0.4950000047683716,200,5,200,default,naive-kmeans,40:60
58,5,0.5,200,5,200,default,naive-kmeans,40:60
58,6,0.5049999952316284,200,5,200,default,naive-kmeans,40:60
58,7,0.4749999940395355,200,5,200,default,naive-kmeans,40:60
58,8,0.47999998927116394,200,5,200,default,naive-kmeans,40:60
58,9,0.48500001430511475,200,5,200,default,naive-kmeans,40:60
58,10,0.5099999904632568,200,5,200,default,naive-kmeans,40:60
58,11,0.5099999904632568,200,5,200,default,naive-kmeans,40:60
58,12,0.5099999904632568,200,5,200,default,naive-kmeans,40:60
58,13,0.5099999904632568,200,5,200,default,naive-kmeans,40:60
58,14,0.5099999904632568,200,5,200,default,naive-kmeans,40:60
58,15,0.5099999904632568,200,5,200,default,naive-kmeans,40:60
58,16,0.5099999904632568,200,5,200,default,naive-kmeans,40:60
58,17,0.5099999904632568,200,5,200,default,naive-kmeans,40:60
58,18,0.5099999904632568,200,5,200,default,naive-kmeans,40:60
58,19,0.5099999904632568,200,5,200,default,naive-kmeans,40:60
58,20,0.5099999904632568,200,5,200,default,naive-kmeans,40:60
58,21,0.5099999904632568,200,5,200,default,naive-kmeans,40:60
58,22,0.5099999904632568,200,5,200,default,naive-kmeans,40:60
58,23,0.5099999904632568,200,5,200,default,naive-kmeans,40:60
58,24,0.5099999904632568,200,5,200,default,naive-kmeans,40:60
58,25,0.5099999904632568,200,5,200,default,naive-kmeans,40:60
58,26,0.5099999904632568,200,5,200,default,naive-kmeans,40:60
58,27,0.5099999904632568,200,5,200,default,naive-kmeans,40:60
58,28,0.5099999904632568,200,5,200,default,naive-kmeans,40:60
58,29,0.5099999904632568,200,5,200,default,naive-kmeans,40:60
58,30,0.5099999904632568,200,5,200,default,naive-kmeans,40:60
58,31,0.5099999904632568,200,5,200,default,naive-kmeans,40:60
58,32,0.5099999904632568,200,5,200,default,naive-kmeans,40:60
58,33,0.5099999904632568,200,5,200,default,naive-kmeans,40:60
58,34,0.5099999904632568,200,5,200,default,naive-kmeans,40:60
58,35,0.5099999904632568,200,5,200,default,naive-kmeans,40:60
58,36,0.5099999904632568,200,5,200,default,naive-kmeans,40:60
58,37,0.5099999904632568,200,5,200,default,naive-kmeans,40:60
58,38,0.5099999904632568,200,5,200,default,naive-kmeans,40:60
58,39,0.5099999904632568,200,5,200,default,naive-kmeans,40:60
58,40,0.5099999904632568,200,5,200,default,naive-kmeans,40:60
58,41,0.5099999904632568,200,5,200,default,naive-kmeans,40:60
58,42,0.5099999904632568,200,5,200,default,naive-kmeans,40:60
58,43,0.5099999904632568,200,5,200,default,naive-kmeans,40:60
58,44,0.5099999904632568,200,5,200,default,naive-kmeans,40:60
58,45,0.5099999904632568,200,5,200,default,naive-kmeans,40:60
58,46,0.5099999904632568,200,5,200,default,naive-kmeans,40:60
58,47,0.5099999904632568,200,5,200,default,naive-kmeans,40:60
58,48,0.5099999904632568,200,5,200,default,naive-kmeans,40:60
58,49,0.5099999904632568,200,5,200,default,naive-kmeans,40:60
58,50,0.5099999904632568,200,5,200,default,naive-kmeans,40:60
58,51,0.5099999904632568,200,5,200,default,naive-kmeans,40:60
58,52,0.5099999904632568,200,5,200,default,naive-kmeans,40:60
58,53,0.5099999904632568,200,5,200,default,naive-kmeans,40:60
58,54,0.5099999904632568,200,5,200,default,naive-kmeans,40:60
58,55,0.5099999904632568,200,5,200,default,naive-kmeans,40:60
58,56,0.5099999904632568,200,5,200,default,naive-kmeans,40:60
58,57,0.5099999904632568,200,5,200,default,naive-kmeans,40:60
58,58,0.5099999904632568,200,5,200,default,naive-kmeans,40:60
58,59,0.5099999904632568,200,5,200,default,naive-kmeans,40:60
58,60,0.5099999904632568,200,5,200,default,naive-kmeans,40:60
58,61,0.5099999904632568,200,5,200,default,naive-kmeans,40:60
58,62,0.5099999904632568,200,5,200,default,naive-kmeans,40:60
58,63,0.5099999904632568,200,5,200,default,naive-kmeans,40:60
58,64,0.5099999904632568,200,5,200,default,naive-kmeans,40:60
58,65,0.5099999904632568,200,5,200,default,naive-kmeans,40:60
58,66,0.5099999904632568,200,5,200,default,naive-kmeans,40:60
58,67,0.5099999904632568,200,5,200,default,naive-kmeans,40:60
58,68,0.5099999904632568,200,5,200,default,naive-kmeans,40:60
58,69,0.5099999904632568,200,5,200,default,naive-kmeans,40:60
58,70,0.5099999904632568,200,5,200,default,naive-kmeans,40:60
58,71,0.5099999904632568,200,5,200,default,naive-kmeans,40:60
58,72,0.5099999904632568,200,5,200,default,naive-kmeans,40:60
58,73,0.5099999904632568,200,5,200,default,naive-kmeans,40:60
58,74,0.5099999904632568,200,5,200,default,naive-kmeans,40:60
58,75,0.5099999904632568,200,5,200,default,naive-kmeans,40:60
58,76,0.5099999904632568,200,5,200,default,naive-kmeans,40:60
58,77,0.5099999904632568,200,5,200,default,naive-kmeans,40:60
58,78,0.5099999904632568,200,5,200,default,naive-kmeans,40:60
58,79,0.5099999904632568,200,5,200,default,naive-kmeans,40:60
58,80,0.5099999904632568,200,5,200,default,naive-kmeans,40:60
58,81,0.5099999904632568,200,5,200,default,naive-kmeans,40:60
58,82,0.5099999904632568,200,5,200,default,naive-kmeans,40:60
58,83,0.5099999904632568,200,5,200,default,naive-kmeans,40:60
58,84,0.5099999904632568,200,5,200,default,naive-kmeans,40:60
58,85,0.5099999904632568,200,5,200,default,naive-kmeans,40:60
58,86,0.5099999904632568,200,5,200,default,naive-kmeans,40:60
58,87,0.5099999904632568,200,5,200,default,naive-kmeans,40:60
58,88,0.5099999904632568,200,5,200,default,naive-kmeans,40:60
58,89,0.5099999904632568,200,5,200,default,naive-kmeans,40:60
58,90,0.5099999904632568,200,5,200,default,naive-kmeans,40:60
58,91,0.5099999904632568,200,5,200,default,naive-kmeans,40:60
58,92,0.5099999904632568,200,5,200,default,naive-kmeans,40:60
58,93,0.5099999904632568,200,5,200,default,naive-kmeans,40:60
58,94,0.5099999904632568,200,5,200,default,naive-kmeans,40:60
58,95,0.5099999904632568,200,5,200,default,naive-kmeans,40:60
58,96,0.5099999904632568,200,5,200,default,naive-kmeans,40:60
58,97,0.5099999904632568,200,5,200,default,naive-kmeans,40:60
58,98,0.5099999904632568,200,5,200,default,naive-kmeans,40:60
58,99,0.5099999904632568,200,5,200,default,naive-kmeans,40:60
59,0,0.4950000047683716,200,5,200,default,naive-kmeans,40:60
59,1,0.49000000953674316,200,5,200,default,naive-kmeans,40:60
59,2,0.5,200,5,200,default,naive-kmeans,40:60
59,3,0.5,200,5,200,default,naive-kmeans,40:60
59,4,0.5,200,5,200,default,naive-kmeans,40:60
59,5,0.5,200,5,200,default,naive-kmeans,40:60
59,6,0.5,200,5,200,default,naive-kmeans,40:60
59,7,0.5,200,5,200,default,naive-kmeans,40:60
59,8,0.5,200,5,200,default,naive-kmeans,40:60
59,9,0.5,200,5,200,default,naive-kmeans,40:60
59,10,0.5,200,5,200,default,naive-kmeans,40:60
59,11,0.5,200,5,200,default,naive-kmeans,40:60
59,12,0.5,200,5,200,default,naive-kmeans,40:60
59,13,0.5,200,5,200,default,naive-kmeans,40:60
59,14,0.5,200,5,200,default,naive-kmeans,40:60
59,15,0.5,200,5,200,default,naive-kmeans,40:60
59,16,0.5,200,5,200,default,naive-kmeans,40:60
59,17,0.5,200,5,200,default,naive-kmeans,40:60
59,18,0.5,200,5,200,default,naive-kmeans,40:60
59,19,0.5,200,5,200,default,naive-kmeans,40:60
59,20,0.5,200,5,200,default,naive-kmeans,40:60
59,21,0.5,200,5,200,default,naive-kmeans,40:60
59,22,0.5,200,5,200,default,naive-kmeans,40:60
59,23,0.5,200,5,200,default,naive-kmeans,40:60
59,24,0.5,200,5,200,default,naive-kmeans,40:60
59,25,0.5,200,5,200,default,naive-kmeans,40:60
59,26,0.5,200,5,200,default,naive-kmeans,40:60
59,27,0.5,200,5,200,default,naive-kmeans,40:60
59,28,0.5,200,5,200,default,naive-kmeans,40:60
59,29,0.5,200,5,200,default,naive-kmeans,40:60
59,30,0.5,200,5,200,default,naive-kmeans,40:60
59,31,0.5,200,5,200,default,naive-kmeans,40:60
59,32,0.5,200,5,200,default,naive-kmeans,40:60
59,33,0.5,200,5,200,default,naive-kmeans,40:60
59,34,0.5,200,5,200,default,naive-kmeans,40:60
59,35,0.5,200,5,200,default,naive-kmeans,40:60
59,36,0.5,200,5,200,default,naive-kmeans,40:60
59,37,0.5,200,5,200,default,naive-kmeans,40:60
59,38,0.5,200,5,200,default,naive-kmeans,40:60
59,39,0.5,200,5,200,default,naive-kmeans,40:60
59,40,0.5,200,5,200,default,naive-kmeans,40:60
59,41,0.5,200,5,200,default,naive-kmeans,40:60
59,42,0.5,200,5,200,default,naive-kmeans,40:60
59,43,0.5,200,5,200,default,naive-kmeans,40:60
59,44,0.5,200,5,200,default,naive-kmeans,40:60
59,45,0.5,200,5,200,default,naive-kmeans,40:60
59,46,0.5,200,5,200,default,naive-kmeans,40:60
59,47,0.5,200,5,200,default,naive-kmeans,40:60
59,48,0.5,200,5,200,default,naive-kmeans,40:60
59,49,0.5,200,5,200,default,naive-kmeans,40:60
59,50,0.5,200,5,200,default,naive-kmeans,40:60
59,51,0.5,200,5,200,default,naive-kmeans,40:60
59,52,0.5,200,5,200,default,naive-kmeans,40:60
59,53,0.5,200,5,200,default,naive-kmeans,40:60
59,54,0.5,200,5,200,default,naive-kmeans,40:60
59,55,0.5,200,5,200,default,naive-kmeans,40:60
59,56,0.5,200,5,200,default,naive-kmeans,40:60
59,57,0.5,200,5,200,default,naive-kmeans,40:60
59,58,0.5,200,5,200,default,naive-kmeans,40:60
59,59,0.5,200,5,200,default,naive-kmeans,40:60
59,60,0.5,200,5,200,default,naive-kmeans,40:60
59,61,0.5,200,5,200,default,naive-kmeans,40:60
59,62,0.5,200,5,200,default,naive-kmeans,40:60
59,63,0.5,200,5,200,default,naive-kmeans,40:60
59,64,0.5,200,5,200,default,naive-kmeans,40:60
59,65,0.5,200,5,200,default,naive-kmeans,40:60
59,66,0.5,200,5,200,default,naive-kmeans,40:60
59,67,0.5,200,5,200,default,naive-kmeans,40:60
59,68,0.5,200,5,200,default,naive-kmeans,40:60
59,69,0.5,200,5,200,default,naive-kmeans,40:60
59,70,0.5,200,5,200,default,naive-kmeans,40:60
59,71,0.5,200,5,200,default,naive-kmeans,40:60
59,72,0.5,200,5,200,default,naive-kmeans,40:60
59,73,0.5,200,5,200,default,naive-kmeans,40:60
59,74,0.5,200,5,200,default,naive-kmeans,40:60
59,75,0.5,200,5,200,default,naive-kmeans,40:60
59,76,0.5,200,5,200,default,naive-kmeans,40:60
59,77,0.5,200,5,200,default,naive-kmeans,40:60
59,78,0.5,200,5,200,default,naive-kmeans,40:60
59,79,0.5,200,5,200,default,naive-kmeans,40:60
59,80,0.5,200,5,200,default,naive-kmeans,40:60
59,81,0.5,200,5,200,default,naive-kmeans,40:60
59,82,0.5,200,5,200,default,naive-kmeans,40:60
59,83,0.5,200,5,200,default,naive-kmeans,40:60
59,84,0.5,200,5,200,default,naive-kmeans,40:60
59,85,0.5,200,5,200,default,naive-kmeans,40:60
59,86,0.5,200,5,200,default,naive-kmeans,40:60
59,87,0.5,200,5,200,default,naive-kmeans,40:60
59,88,0.5,200,5,200,default,naive-kmeans,40:60
59,89,0.5,200,5,200,default,naive-kmeans,40:60
59,90,0.5,200,5,200,default,naive-kmeans,40:60
59,91,0.5,200,5,200,default,naive-kmeans,40:60
59,92,0.5,200,5,200,default,naive-kmeans,40:60
59,93,0.5,200,5,200,default,naive-kmeans,40:60
59,94,0.5,200,5,200,default,naive-kmeans,40:60
59,95,0.5,200,5,200,default,naive-kmeans,40:60
59,96,0.5,200,5,200,default,naive-kmeans,40:60
59,97,0.5,200,5,200,default,naive-kmeans,40:60
59,98,0.5,200,5,200,default,naive-kmeans,40:60
59,99,0.5,200,5,200,default,naive-kmeans,40:60
60,0,0.5550000071525574,200,5,200,default,naive-kmeans,40:60
60,1,0.574999988079071,200,5,200,default,naive-kmeans,40:60
60,2,0.5649999976158142,200,5,200,default,naive-kmeans,40:60
60,3,0.550000011920929,200,5,200,default,naive-kmeans,40:60
60,4,0.5450000166893005,200,5,200,default,naive-kmeans,40:60
60,5,0.5600000023841858,200,5,200,default,naive-kmeans,40:60
60,6,0.574999988079071,200,5,200,default,naive-kmeans,40:60
60,7,0.5600000023841858,200,5,200,default,naive-kmeans,40:60
60,8,0.574999988079071,200,5,200,default,naive-kmeans,40:60
60,9,0.574999988079071,200,5,200,default,naive-kmeans,40:60
60,10,0.574999988079071,200,5,200,default,naive-kmeans,40:60
60,11,0.574999988079071,200,5,200,default,naive-kmeans,40:60
60,12,0.574999988079071,200,5,200,default,naive-kmeans,40:60
60,13,0.574999988079071,200,5,200,default,naive-kmeans,40:60
60,14,0.574999988079071,200,5,200,default,naive-kmeans,40:60
60,15,0.574999988079071,200,5,200,default,naive-kmeans,40:60
60,16,0.574999988079071,200,5,200,default,naive-kmeans,40:60
60,17,0.574999988079071,200,5,200,default,naive-kmeans,40:60
60,18,0.574999988079071,200,5,200,default,naive-kmeans,40:60
60,19,0.574999988079071,200,5,200,default,naive-kmeans,40:60
60,20,0.574999988079071,200,5,200,default,naive-kmeans,40:60
60,21,0.574999988079071,200,5,200,default,naive-kmeans,40:60
60,22,0.574999988079071,200,5,200,default,naive-kmeans,40:60
60,23,0.574999988079071,200,5,200,default,naive-kmeans,40:60
60,24,0.574999988079071,200,5,200,default,naive-kmeans,40:60
60,25,0.574999988079071,200,5,200,default,naive-kmeans,40:60
60,26,0.574999988079071,200,5,200,default,naive-kmeans,40:60
60,27,0.574999988079071,200,5,200,default,naive-kmeans,40:60
60,28,0.574999988079071,200,5,200,default,naive-kmeans,40:60
60,29,0.574999988079071,200,5,200,default,naive-kmeans,40:60
60,30,0.574999988079071,200,5,200,default,naive-kmeans,40:60
60,31,0.574999988079071,200,5,200,default,naive-kmeans,40:60
60,32,0.574999988079071,200,5,200,default,naive-kmeans,40:60
60,33,0.574999988079071,200,5,200,default,naive-kmeans,40:60
60,34,0.574999988079071,200,5,200,default,naive-kmeans,40:60
60,35,0.574999988079071,200,5,200,default,naive-kmeans,40:60
60,36,0.574999988079071,200,5,200,default,naive-kmeans,40:60
60,37,0.574999988079071,200,5,200,default,naive-kmeans,40:60
60,38,0.574999988079071,200,5,200,default,naive-kmeans,40:60
60,39,0.574999988079071,200,5,200,default,naive-kmeans,40:60
60,40,0.574999988079071,200,5,200,default,naive-kmeans,40:60
60,41,0.574999988079071,200,5,200,default,naive-kmeans,40:60
60,42,0.574999988079071,200,5,200,default,naive-kmeans,40:60
60,43,0.574999988079071,200,5,200,default,naive-kmeans,40:60
60,44,0.574999988079071,200,5,200,default,naive-kmeans,40:60
60,45,0.574999988079071,200,5,200,default,naive-kmeans,40:60
60,46,0.574999988079071,200,5,200,default,naive-kmeans,40:60
60,47,0.574999988079071,200,5,200,default,naive-kmeans,40:60
60,48,0.574999988079071,200,5,200,default,naive-kmeans,40:60
60,49,0.574999988079071,200,5,200,default,naive-kmeans,40:60
60,50,0.574999988079071,200,5,200,default,naive-kmeans,40:60
60,51,0.574999988079071,200,5,200,default,naive-kmeans,40:60
60,52,0.574999988079071,200,5,200,default,naive-kmeans,40:60
60,53,0.574999988079071,200,5,200,default,naive-kmeans,40:60
60,54,0.574999988079071,200,5,200,default,naive-kmeans,40:60
60,55,0.574999988079071,200,5,200,default,naive-kmeans,40:60
60,56,0.574999988079071,200,5,200,default,naive-kmeans,40:60
60,57,0.574999988079071,200,5,200,default,naive-kmeans,40:60
60,58,0.574999988079071,200,5,200,default,naive-kmeans,40:60
60,59,0.574999988079071,200,5,200,default,naive-kmeans,40:60
60,60,0.574999988079071,200,5,200,default,naive-kmeans,40:60
60,61,0.574999988079071,200,5,200,default,naive-kmeans,40:60
60,62,0.574999988079071,200,5,200,default,naive-kmeans,40:60
60,63,0.574999988079071,200,5,200,default,naive-kmeans,40:60
60,64,0.574999988079071,200,5,200,default,naive-kmeans,40:60
60,65,0.574999988079071,200,5,200,default,naive-kmeans,40:60
60,66,0.574999988079071,200,5,200,default,naive-kmeans,40:60
60,67,0.574999988079071,200,5,200,default,naive-kmeans,40:60
60,68,0.574999988079071,200,5,200,default,naive-kmeans,40:60
60,69,0.574999988079071,200,5,200,default,naive-kmeans,40:60
60,70,0.574999988079071,200,5,200,default,naive-kmeans,40:60
60,71,0.574999988079071,200,5,200,default,naive-kmeans,40:60
60,72,0.574999988079071,200,5,200,default,naive-kmeans,40:60
60,73,0.574999988079071,200,5,200,default,naive-kmeans,40:60
60,74,0.574999988079071,200,5,200,default,naive-kmeans,40:60
60,75,0.574999988079071,200,5,200,default,naive-kmeans,40:60
60,76,0.574999988079071,200,5,200,default,naive-kmeans,40:60
60,77,0.574999988079071,200,5,200,default,naive-kmeans,40:60
60,78,0.574999988079071,200,5,200,default,naive-kmeans,40:60
60,79,0.574999988079071,200,5,200,default,naive-kmeans,40:60
60,80,0.574999988079071,200,5,200,default,naive-kmeans,40:60
60,81,0.574999988079071,200,5,200,default,naive-kmeans,40:60
60,82,0.574999988079071,200,5,200,default,naive-kmeans,40:60
60,83,0.574999988079071,200,5,200,default,naive-kmeans,40:60
60,84,0.574999988079071,200,5,200,default,naive-kmeans,40:60
60,85,0.574999988079071,200,5,200,default,naive-kmeans,40:60
60,86,0.574999988079071,200,5,200,default,naive-kmeans,40:60
60,87,0.574999988079071,200,5,200,default,naive-kmeans,40:60
60,88,0.574999988079071,200,5,200,default,naive-kmeans,40:60
60,89,0.574999988079071,200,5,200,default,naive-kmeans,40:60
60,90,0.574999988079071,200,5,200,default,naive-kmeans,40:60
60,91,0.574999988079071,200,5,200,default,naive-kmeans,40:60
60,92,0.574999988079071,200,5,200,default,naive-kmeans,40:60
60,93,0.574999988079071,200,5,200,default,naive-kmeans,40:60
60,94,0.574999988079071,200,5,200,default,naive-kmeans,40:60
60,95,0.574999988079071,200,5,200,default,naive-kmeans,40:60
60,96,0.574999988079071,200,5,200,default,naive-kmeans,40:60
60,97,0.574999988079071,200,5,200,default,naive-kmeans,40:60
60,98,0.574999988079071,200,5,200,default,naive-kmeans,40:60
60,99,0.574999988079071,200,5,200,default,naive-kmeans,40:60
61,0,0.5550000071525574,200,5,200,default,naive-kmeans,40:60
61,1,0.5699999928474426,200,5,200,default,naive-kmeans,40:60
61,2,0.550000011920929,200,5,200,default,naive-kmeans,40:60
61,3,0.5600000023841858,200,5,200,default,naive-kmeans,40:60
61,4,0.5799999833106995,200,5,200,default,naive-kmeans,40:60
61,5,0.5799999833106995,200,5,200,default,naive-kmeans,40:60
61,6,0.5849999785423279,200,5,200,default,naive-kmeans,40:60
61,7,0.574999988079071,200,5,200,default,naive-kmeans,40:60
61,8,0.5899999737739563,200,5,200,default,naive-kmeans,40:60
61,9,0.5799999833106995,200,5,200,default,naive-kmeans,40:60
61,10,0.5600000023841858,200,5,200,default,naive-kmeans,40:60
61,11,0.574999988079071,200,5,200,default,naive-kmeans,40:60
61,12,0.5899999737739563,200,5,200,default,naive-kmeans,40:60
61,13,0.574999988079071,200,5,200,default,naive-kmeans,40:60
61,14,0.5550000071525574,200,5,200,default,naive-kmeans,40:60
61,15,0.5550000071525574,200,5,200,default,naive-kmeans,40:60
61,16,0.5600000023841858,200,5,200,default,naive-kmeans,40:60
61,17,0.5649999976158142,200,5,200,default,naive-kmeans,40:60
61,18,0.574999988079071,200,5,200,default,naive-kmeans,40:60
61,19,0.5899999737739563,200,5,200,default,naive-kmeans,40:60
61,20,0.5899999737739563,200,5,200,default,naive-kmeans,40:60
61,21,0.5899999737739563,200,5,200,default,naive-kmeans,40:60
61,22,0.5899999737739563,200,5,200,default,naive-kmeans,40:60
61,23,0.5899999737739563,200,5,200,default,naive-kmeans,40:60
61,24,0.5899999737739563,200,5,200,default,naive-kmeans,40:60
61,25,0.5899999737739563,200,5,200,default,naive-kmeans,40:60
61,26,0.5899999737739563,200,5,200,default,naive-kmeans,40:60
61,27,0.5899999737739563,200,5,200,default,naive-kmeans,40:60
61,28,0.5899999737739563,200,5,200,default,naive-kmeans,40:60
61,29,0.5899999737739563,200,5,200,default,naive-kmeans,40:60
61,30,0.5899999737739563,200,5,200,default,naive-kmeans,40:60
61,31,0.5899999737739563,200,5,200,default,naive-kmeans,40:60
61,32,0.5899999737739563,200,5,200,default,naive-kmeans,40:60
61,33,0.5899999737739563,200,5,200,default,naive-kmeans,40:60
61,34,0.5899999737739563,200,5,200,default,naive-kmeans,40:60
61,35,0.5899999737739563,200,5,200,default,naive-kmeans,40:60
61,36,0.5899999737739563,200,5,200,default,naive-kmeans,40:60
61,37,0.5899999737739563,200,5,200,default,naive-kmeans,40:60
61,38,0.5899999737739563,200,5,200,default,naive-kmeans,40:60
61,39,0.5899999737739563,200,5,200,default,naive-kmeans,40:60
61,40,0.5899999737739563,200,5,200,default,naive-kmeans,40:60
61,41,0.5899999737739563,200,5,200,default,naive-kmeans,40:60
61,42,0.5899999737739563,200,5,200,default,naive-kmeans,40:60
61,43,0.5899999737739563,200,5,200,default,naive-kmeans,40:60
61,44,0.5899999737739563,200,5,200,default,naive-kmeans,40:60
61,45,0.5899999737739563,200,5,200,default,naive-kmeans,40:60
61,46,0.5899999737739563,200,5,200,default,naive-kmeans,40:60
61,47,0.5899999737739563,200,5,200,default,naive-kmeans,40:60
61,48,0.5899999737739563,200,5,200,default,naive-kmeans,40:60
61,49,0.5899999737739563,200,5,200,default,naive-kmeans,40:60
61,50,0.5899999737739563,200,5,200,default,naive-kmeans,40:60
61,51,0.5899999737739563,200,5,200,default,naive-kmeans,40:60
61,52,0.5899999737739563,200,5,200,default,naive-kmeans,40:60
61,53,0.5899999737739563,200,5,200,default,naive-kmeans,40:60
61,54,0.5899999737739563,200,5,200,default,naive-kmeans,40:60
61,55,0.5899999737739563,200,5,200,default,naive-kmeans,40:60
61,56,0.5899999737739563,200,5,200,default,naive-kmeans,40:60
61,57,0.5899999737739563,200,5,200,default,naive-kmeans,40:60
61,58,0.5899999737739563,200,5,200,default,naive-kmeans,40:60
61,59,0.5899999737739563,200,5,200,default,naive-kmeans,40:60
61,60,0.5899999737739563,200,5,200,default,naive-kmeans,40:60
61,61,0.5899999737739563,200,5,200,default,naive-kmeans,40:60
61,62,0.5899999737739563,200,5,200,default,naive-kmeans,40:60
61,63,0.5899999737739563,200,5,200,default,naive-kmeans,40:60
61,64,0.5899999737739563,200,5,200,default,naive-kmeans,40:60
61,65,0.5899999737739563,200,5,200,default,naive-kmeans,40:60
61,66,0.5899999737739563,200,5,200,default,naive-kmeans,40:60
61,67,0.5899999737739563,200,5,200,default,naive-kmeans,40:60
61,68,0.5899999737739563,200,5,200,default,naive-kmeans,40:60
61,69,0.5899999737739563,200,5,200,default,naive-kmeans,40:60
61,70,0.5899999737739563,200,5,200,default,naive-kmeans,40:60
61,71,0.5899999737739563,200,5,200,default,naive-kmeans,40:60
61,72,0.5899999737739563,200,5,200,default,naive-kmeans,40:60
61,73,0.5899999737739563,200,5,200,default,naive-kmeans,40:60
61,74,0.5899999737739563,200,5,200,default,naive-kmeans,40:60
61,75,0.5899999737739563,200,5,200,default,naive-kmeans,40:60
61,76,0.5899999737739563,200,5,200,default,naive-kmeans,40:60
61,77,0.5899999737739563,200,5,200,default,naive-kmeans,40:60
61,78,0.5899999737739563,200,5,200,default,naive-kmeans,40:60
61,79,0.5899999737739563,200,5,200,default,naive-kmeans,40:60
61,80,0.5899999737739563,200,5,200,default,naive-kmeans,40:60
61,81,0.5899999737739563,200,5,200,default,naive-kmeans,40:60
61,82,0.5899999737739563,200,5,200,default,naive-kmeans,40:60
61,83,0.5899999737739563,200,5,200,default,naive-kmeans,40:60
61,84,0.5899999737739563,200,5,200,default,naive-kmeans,40:60
61,85,0.5899999737739563,200,5,200,default,naive-kmeans,40:60
61,86,0.5899999737739563,200,5,200,default,naive-kmeans,40:60
61,87,0.5899999737739563,200,5,200,default,naive-kmeans,40:60
61,88,0.5899999737739563,200,5,200,default,naive-kmeans,40:60
61,89,0.5899999737739563,200,5,200,default,naive-kmeans,40:60
61,90,0.5899999737739563,200,5,200,default,naive-kmeans,40:60
61,91,0.5899999737739563,200,5,200,default,naive-kmeans,40:60
61,92,0.5899999737739563,200,5,200,default,naive-kmeans,40:60
61,93,0.5899999737739563,200,5,200,default,naive-kmeans,40:60
61,94,0.5899999737739563,200,5,200,default,naive-kmeans,40:60
61,95,0.5899999737739563,200,5,200,default,naive-kmeans,40:60
61,96,0.5899999737739563,200,5,200,default,naive-kmeans,40:60
61,97,0.5899999737739563,200,5,200,default,naive-kmeans,40:60
61,98,0.5899999737739563,200,5,200,default,naive-kmeans,40:60
61,99,0.5899999737739563,200,5,200,default,naive-kmeans,40:60
62,0,0.5699999928474426,200,5,200,default,naive-kmeans,40:60
62,1,0.5450000166893005,200,5,200,default,naive-kmeans,40:60
62,2,0.5649999976158142,200,5,200,default,naive-kmeans,40:60
62,3,0.5849999785423279,200,5,200,default,naive-kmeans,40:60
62,4,0.5600000023841858,200,5,200,default,naive-kmeans,40:60
62,5,0.5649999976158142,200,5,200,default,naive-kmeans,40:60
62,6,0.5799999833106995,200,5,200,default,naive-kmeans,40:60
62,7,0.5799999833106995,200,5,200,default,naive-kmeans,40:60
62,8,0.5799999833106995,200,5,200,default,naive-kmeans,40:60
62,9,0.5649999976158142,200,5,200,default,naive-kmeans,40:60
62,10,0.5649999976158142,200,5,200,default,naive-kmeans,40:60
62,11,0.550000011920929,200,5,200,default,naive-kmeans,40:60
62,12,0.5600000023841858,200,5,200,default,naive-kmeans,40:60
62,13,0.5849999785423279,200,5,200,default,naive-kmeans,40:60
62,14,0.5699999928474426,200,5,200,default,naive-kmeans,40:60
62,15,0.5550000071525574,200,5,200,default,naive-kmeans,40:60
62,16,0.5849999785423279,200,5,200,default,naive-kmeans,40:60
62,17,0.5899999737739563,200,5,200,default,naive-kmeans,40:60
62,18,0.5649999976158142,200,5,200,default,naive-kmeans,40:60
62,19,0.5950000286102295,200,5,200,default,naive-kmeans,40:60
62,20,0.5550000071525574,200,5,200,default,naive-kmeans,40:60
62,21,0.5600000023841858,200,5,200,default,naive-kmeans,40:60
62,22,0.5950000286102295,200,5,200,default,naive-kmeans,40:60
62,23,0.574999988079071,200,5,200,default,naive-kmeans,40:60
62,24,0.5950000286102295,200,5,200,default,naive-kmeans,40:60
62,25,0.5950000286102295,200,5,200,default,naive-kmeans,40:60
62,26,0.5950000286102295,200,5,200,default,naive-kmeans,40:60
62,27,0.5950000286102295,200,5,200,default,naive-kmeans,40:60
62,28,0.5950000286102295,200,5,200,default,naive-kmeans,40:60
62,29,0.5950000286102295,200,5,200,default,naive-kmeans,40:60
62,30,0.5950000286102295,200,5,200,default,naive-kmeans,40:60
62,31,0.5950000286102295,200,5,200,default,naive-kmeans,40:60
62,32,0.5950000286102295,200,5,200,default,naive-kmeans,40:60
62,33,0.5950000286102295,200,5,200,default,naive-kmeans,40:60
62,34,0.5950000286102295,200,5,200,default,naive-kmeans,40:60
62,35,0.5950000286102295,200,5,200,default,naive-kmeans,40:60
62,36,0.5950000286102295,200,5,200,default,naive-kmeans,40:60
62,37,0.5950000286102295,200,5,200,default,naive-kmeans,40:60
62,38,0.5950000286102295,200,5,200,default,naive-kmeans,40:60
62,39,0.5950000286102295,200,5,200,default,naive-kmeans,40:60
62,40,0.5950000286102295,200,5,200,default,naive-kmeans,40:60
62,41,0.5950000286102295,200,5,200,default,naive-kmeans,40:60
62,42,0.5950000286102295,200,5,200,default,naive-kmeans,40:60
62,43,0.5950000286102295,200,5,200,default,naive-kmeans,40:60
62,44,0.5950000286102295,200,5,200,default,naive-kmeans,40:60
62,45,0.5950000286102295,200,5,200,default,naive-kmeans,40:60
62,46,0.5950000286102295,200,5,200,default,naive-kmeans,40:60
62,47,0.5950000286102295,200,5,200,default,naive-kmeans,40:60
62,48,0.5950000286102295,200,5,200,default,naive-kmeans,40:60
62,49,0.5950000286102295,200,5,200,default,naive-kmeans,40:60
62,50,0.5950000286102295,200,5,200,default,naive-kmeans,40:60
62,51,0.5950000286102295,200,5,200,default,naive-kmeans,40:60
62,52,0.5950000286102295,200,5,200,default,naive-kmeans,40:60
62,53,0.5950000286102295,200,5,200,default,naive-kmeans,40:60
62,54,0.5950000286102295,200,5,200,default,naive-kmeans,40:60
62,55,0.5950000286102295,200,5,200,default,naive-kmeans,40:60
62,56,0.5950000286102295,200,5,200,default,naive-kmeans,40:60
62,57,0.5950000286102295,200,5,200,default,naive-kmeans,40:60
62,58,0.5950000286102295,200,5,200,default,naive-kmeans,40:60
62,59,0.5950000286102295,200,5,200,default,naive-kmeans,40:60
62,60,0.5950000286102295,200,5,200,default,naive-kmeans,40:60
62,61,0.5950000286102295,200,5,200,default,naive-kmeans,40:60
62,62,0.5950000286102295,200,5,200,default,naive-kmeans,40:60
62,63,0.5950000286102295,200,5,200,default,naive-kmeans,40:60
62,64,0.5950000286102295,200,5,200,default,naive-kmeans,40:60
62,65,0.5950000286102295,200,5,200,default,naive-kmeans,40:60
62,66,0.5950000286102295,200,5,200,default,naive-kmeans,40:60
62,67,0.5950000286102295,200,5,200,default,naive-kmeans,40:60
62,68,0.5950000286102295,200,5,200,default,naive-kmeans,40:60
62,69,0.5950000286102295,200,5,200,default,naive-kmeans,40:60
62,70,0.5950000286102295,200,5,200,default,naive-kmeans,40:60
62,71,0.5950000286102295,200,5,200,default,naive-kmeans,40:60
62,72,0.5950000286102295,200,5,200,default,naive-kmeans,40:60
62,73,0.5950000286102295,200,5,200,default,naive-kmeans,40:60
62,74,0.5950000286102295,200,5,200,default,naive-kmeans,40:60
62,75,0.5950000286102295,200,5,200,default,naive-kmeans,40:60
62,76,0.5950000286102295,200,5,200,default,naive-kmeans,40:60
62,77,0.5950000286102295,200,5,200,default,naive-kmeans,40:60
62,78,0.5950000286102295,200,5,200,default,naive-kmeans,40:60
62,79,0.5950000286102295,200,5,200,default,naive-kmeans,40:60
62,80,0.5950000286102295,200,5,200,default,naive-kmeans,40:60
62,81,0.5950000286102295,200,5,200,default,naive-kmeans,40:60
62,82,0.5950000286102295,200,5,200,default,naive-kmeans,40:60
62,83,0.5950000286102295,200,5,200,default,naive-kmeans,40:60
62,84,0.5950000286102295,200,5,200,default,naive-kmeans,40:60
62,85,0.5950000286102295,200,5,200,default,naive-kmeans,40:60
62,86,0.5950000286102295,200,5,200,default,naive-kmeans,40:60
62,87,0.5950000286102295,200,5,200,default,naive-kmeans,40:60
62,88,0.5950000286102295,200,5,200,default,naive-kmeans,40:60
62,89,0.5950000286102295,200,5,200,default,naive-kmeans,40:60
62,90,0.5950000286102295,200,5,200,default,naive-kmeans,40:60
62,91,0.5950000286102295,200,5,200,default,naive-kmeans,40:60
62,92,0.5950000286102295,200,5,200,default,naive-kmeans,40:60
62,93,0.5950000286102295,200,5,200,default,naive-kmeans,40:60
62,94,0.5950000286102295,200,5,200,default,naive-kmeans,40:60
62,95,0.5950000286102295,200,5,200,default,naive-kmeans,40:60
62,96,0.5950000286102295,200,5,200,default,naive-kmeans,40:60
62,97,0.5950000286102295,200,5,200,default,naive-kmeans,40:60
62,98,0.5950000286102295,200,5,200,default,naive-kmeans,40:60
62,99,0.5950000286102295,200,5,200,default,naive-kmeans,40:60
63,0,0.5649999976158142,200,5,200,default,naive-kmeans,40:60
63,1,0.5649999976158142,200,5,200,default,naive-kmeans,40:60
63,2,0.5400000214576721,200,5,200,default,naive-kmeans,40:60
63,3,0.5350000262260437,200,5,200,default,naive-kmeans,40:60
63,4,0.5649999976158142,200,5,200,default,naive-kmeans,40:60
63,5,0.5699999928474426,200,5,200,default,naive-kmeans,40:60
63,6,0.5450000166893005,200,5,200,default,naive-kmeans,40:60
63,7,0.5299999713897705,200,5,200,default,naive-kmeans,40:60
63,8,0.5400000214576721,200,5,200,default,naive-kmeans,40:60
63,9,0.5550000071525574,200,5,200,default,naive-kmeans,40:60
63,10,0.550000011920929,200,5,200,default,naive-kmeans,40:60
63,11,0.5849999785423279,200,5,200,default,naive-kmeans,40:60
63,12,0.5950000286102295,200,5,200,default,naive-kmeans,40:60
63,13,0.5899999737739563,200,5,200,default,naive-kmeans,40:60
63,14,0.5950000286102295,200,5,200,default,naive-kmeans,40:60
63,15,0.5950000286102295,200,5,200,default,naive-kmeans,40:60
63,16,0.5950000286102295,200,5,200,default,naive-kmeans,40:60
63,17,0.5950000286102295,200,5,200,default,naive-kmeans,40:60
63,18,0.5950000286102295,200,5,200,default,naive-kmeans,40:60
63,19,0.5950000286102295,200,5,200,default,naive-kmeans,40:60
63,20,0.5950000286102295,200,5,200,default,naive-kmeans,40:60
63,21,0.5950000286102295,200,5,200,default,naive-kmeans,40:60
63,22,0.5950000286102295,200,5,200,default,naive-kmeans,40:60
63,23,0.5950000286102295,200,5,200,default,naive-kmeans,40:60
63,24,0.5950000286102295,200,5,200,default,naive-kmeans,40:60
63,25,0.5950000286102295,200,5,200,default,naive-kmeans,40:60
63,26,0.5950000286102295,200,5,200,default,naive-kmeans,40:60
63,27,0.5950000286102295,200,5,200,default,naive-kmeans,40:60
63,28,0.5950000286102295,200,5,200,default,naive-kmeans,40:60
63,29,0.5950000286102295,200,5,200,default,naive-kmeans,40:60
63,30,0.5950000286102295,200,5,200,default,naive-kmeans,40:60
63,31,0.5950000286102295,200,5,200,default,naive-kmeans,40:60
63,32,0.5950000286102295,200,5,200,default,naive-kmeans,40:60
63,33,0.5950000286102295,200,5,200,default,naive-kmeans,40:60
63,34,0.5950000286102295,200,5,200,default,naive-kmeans,40:60
63,35,0.5950000286102295,200,5,200,default,naive-kmeans,40:60
63,36,0.5950000286102295,200,5,200,default,naive-kmeans,40:60
63,37,0.5950000286102295,200,5,200,default,naive-kmeans,40:60
63,38,0.5950000286102295,200,5,200,default,naive-kmeans,40:60
63,39,0.5950000286102295,200,5,200,default,naive-kmeans,40:60
63,40,0.5950000286102295,200,5,200,default,naive-kmeans,40:60
63,41,0.5950000286102295,200,5,200,default,naive-kmeans,40:60
63,42,0.5950000286102295,200,5,200,default,naive-kmeans,40:60
63,43,0.5950000286102295,200,5,200,default,naive-kmeans,40:60
63,44,0.5950000286102295,200,5,200,default,naive-kmeans,40:60
63,45,0.5950000286102295,200,5,200,default,naive-kmeans,40:60
63,46,0.5950000286102295,200,5,200,default,naive-kmeans,40:60
63,47,0.5950000286102295,200,5,200,default,naive-kmeans,40:60
63,48,0.5950000286102295,200,5,200,default,naive-kmeans,40:60
63,49,0.5950000286102295,200,5,200,default,naive-kmeans,40:60
63,50,0.5950000286102295,200,5,200,default,naive-kmeans,40:60
63,51,0.5950000286102295,200,5,200,default,naive-kmeans,40:60
63,52,0.5950000286102295,200,5,200,default,naive-kmeans,40:60
63,53,0.5950000286102295,200,5,200,default,naive-kmeans,40:60
63,54,0.5950000286102295,200,5,200,default,naive-kmeans,40:60
63,55,0.5950000286102295,200,5,200,default,naive-kmeans,40:60
63,56,0.5950000286102295,200,5,200,default,naive-kmeans,40:60
63,57,0.5950000286102295,200,5,200,default,naive-kmeans,40:60
63,58,0.5950000286102295,200,5,200,default,naive-kmeans,40:60
63,59,0.5950000286102295,200,5,200,default,naive-kmeans,40:60
63,60,0.5950000286102295,200,5,200,default,naive-kmeans,40:60
63,61,0.5950000286102295,200,5,200,default,naive-kmeans,40:60
63,62,0.5950000286102295,200,5,200,default,naive-kmeans,40:60
63,63,0.5950000286102295,200,5,200,default,naive-kmeans,40:60
63,64,0.5950000286102295,200,5,200,default,naive-kmeans,40:60
63,65,0.5950000286102295,200,5,200,default,naive-kmeans,40:60
63,66,0.5950000286102295,200,5,200,default,naive-kmeans,40:60
63,67,0.5950000286102295,200,5,200,default,naive-kmeans,40:60
63,68,0.5950000286102295,200,5,200,default,naive-kmeans,40:60
63,69,0.5950000286102295,200,5,200,default,naive-kmeans,40:60
63,70,0.5950000286102295,200,5,200,default,naive-kmeans,40:60
63,71,0.5950000286102295,200,5,200,default,naive-kmeans,40:60
63,72,0.5950000286102295,200,5,200,default,naive-kmeans,40:60
63,73,0.5950000286102295,200,5,200,default,naive-kmeans,40:60
63,74,0.5950000286102295,200,5,200,default,naive-kmeans,40:60
63,75,0.5950000286102295,200,5,200,default,naive-kmeans,40:60
63,76,0.5950000286102295,200,5,200,default,naive-kmeans,40:60
63,77,0.5950000286102295,200,5,200,default,naive-kmeans,40:60
63,78,0.5950000286102295,200,5,200,default,naive-kmeans,40:60
63,79,0.5950000286102295,200,5,200,default,naive-kmeans,40:60
63,80,0.5950000286102295,200,5,200,default,naive-kmeans,40:60
63,81,0.5950000286102295,200,5,200,default,naive-kmeans,40:60
63,82,0.5950000286102295,200,5,200,default,naive-kmeans,40:60
63,83,0.5950000286102295,200,5,200,default,naive-kmeans,40:60
63,84,0.5950000286102295,200,5,200,default,naive-kmeans,40:60
63,85,0.5950000286102295,200,5,200,default,naive-kmeans,40:60
63,86,0.5950000286102295,200,5,200,default,naive-kmeans,40:60
63,87,0.5950000286102295,200,5,200,default,naive-kmeans,40:60
63,88,0.5950000286102295,200,5,200,default,naive-kmeans,40:60
63,89,0.5950000286102295,200,5,200,default,naive-kmeans,40:60
63,90,0.5950000286102295,200,5,200,default,naive-kmeans,40:60
63,91,0.5950000286102295,200,5,200,default,naive-kmeans,40:60
63,92,0.5950000286102295,200,5,200,default,naive-kmeans,40:60
63,93,0.5950000286102295,200,5,200,default,naive-kmeans,40:60
63,94,0.5950000286102295,200,5,200,default,naive-kmeans,40:60
63,95,0.5950000286102295,200,5,200,default,naive-kmeans,40:60
63,96,0.5950000286102295,200,5,200,default,naive-kmeans,40:60
63,97,0.5950000286102295,200,5,200,default,naive-kmeans,40:60
63,98,0.5950000286102295,200,5,200,default,naive-kmeans,40:60
63,99,0.5950000286102295,200,5,200,default,naive-kmeans,40:60
64,0,0.5699999928474426,200,5,200,default,naive-kmeans,40:60
64,1,0.5649999976158142,200,5,200,default,naive-kmeans,40:60
64,2,0.574999988079071,200,5,200,default,naive-kmeans,40:60
64,3,0.5400000214576721,200,5,200,default,naive-kmeans,40:60
64,4,0.5550000071525574,200,5,200,default,naive-kmeans,40:60
64,5,0.5699999928474426,200,5,200,default,naive-kmeans,40:60
64,6,0.5849999785423279,200,5,200,default,naive-kmeans,40:60
64,7,0.5799999833106995,200,5,200,default,naive-kmeans,40:60
64,8,0.5600000023841858,200,5,200,default,naive-kmeans,40:60
64,9,0.574999988079071,200,5,200,default,naive-kmeans,40:60
64,10,0.5550000071525574,200,5,200,default,naive-kmeans,40:60
64,11,0.5600000023841858,200,5,200,default,naive-kmeans,40:60
64,12,0.5699999928474426,200,5,200,default,naive-kmeans,40:60
64,13,0.5849999785423279,200,5,200,default,naive-kmeans,40:60
64,14,0.5849999785423279,200,5,200,default,naive-kmeans,40:60
64,15,0.5849999785423279,200,5,200,default,naive-kmeans,40:60
64,16,0.5849999785423279,200,5,200,default,naive-kmeans,40:60
64,17,0.5849999785423279,200,5,200,default,naive-kmeans,40:60
64,18,0.5849999785423279,200,5,200,default,naive-kmeans,40:60
64,19,0.5849999785423279,200,5,200,default,naive-kmeans,40:60
64,20,0.5849999785423279,200,5,200,default,naive-kmeans,40:60
64,21,0.5849999785423279,200,5,200,default,naive-kmeans,40:60
64,22,0.5849999785423279,200,5,200,default,naive-kmeans,40:60
64,23,0.5849999785423279,200,5,200,default,naive-kmeans,40:60
64,24,0.5849999785423279,200,5,200,default,naive-kmeans,40:60
64,25,0.5849999785423279,200,5,200,default,naive-kmeans,40:60
64,26,0.5849999785423279,200,5,200,default,naive-kmeans,40:60
64,27,0.5849999785423279,200,5,200,default,naive-kmeans,40:60
64,28,0.5849999785423279,200,5,200,default,naive-kmeans,40:60
64,29,0.5849999785423279,200,5,200,default,naive-kmeans,40:60
64,30,0.5849999785423279,200,5,200,default,naive-kmeans,40:60
64,31,0.5849999785423279,200,5,200,default,naive-kmeans,40:60
64,32,0.5849999785423279,200,5,200,default,naive-kmeans,40:60
64,33,0.5849999785423279,200,5,200,default,naive-kmeans,40:60
64,34,0.5849999785423279,200,5,200,default,naive-kmeans,40:60
64,35,0.5849999785423279,200,5,200,default,naive-kmeans,40:60
64,36,0.5849999785423279,200,5,200,default,naive-kmeans,40:60
64,37,0.5849999785423279,200,5,200,default,naive-kmeans,40:60
64,38,0.5849999785423279,200,5,200,default,naive-kmeans,40:60
64,39,0.5849999785423279,200,5,200,default,naive-kmeans,40:60
64,40,0.5849999785423279,200,5,200,default,naive-kmeans,40:60
64,41,0.5849999785423279,200,5,200,default,naive-kmeans,40:60
64,42,0.5849999785423279,200,5,200,default,naive-kmeans,40:60
64,43,0.5849999785423279,200,5,200,default,naive-kmeans,40:60
64,44,0.5849999785423279,200,5,200,default,naive-kmeans,40:60
64,45,0.5849999785423279,200,5,200,default,naive-kmeans,40:60
64,46,0.5849999785423279,200,5,200,default,naive-kmeans,40:60
64,47,0.5849999785423279,200,5,200,default,naive-kmeans,40:60
64,48,0.5849999785423279,200,5,200,default,naive-kmeans,40:60
64,49,0.5849999785423279,200,5,200,default,naive-kmeans,40:60
64,50,0.5849999785423279,200,5,200,default,naive-kmeans,40:60
64,51,0.5849999785423279,200,5,200,default,naive-kmeans,40:60
64,52,0.5849999785423279,200,5,200,default,naive-kmeans,40:60
64,53,0.5849999785423279,200,5,200,default,naive-kmeans,40:60
64,54,0.5849999785423279,200,5,200,default,naive-kmeans,40:60
64,55,0.5849999785423279,200,5,200,default,naive-kmeans,40:60
64,56,0.5849999785423279,200,5,200,default,naive-kmeans,40:60
64,57,0.5849999785423279,200,5,200,default,naive-kmeans,40:60
64,58,0.5849999785423279,200,5,200,default,naive-kmeans,40:60
64,59,0.5849999785423279,200,5,200,default,naive-kmeans,40:60
64,60,0.5849999785423279,200,5,200,default,naive-kmeans,40:60
64,61,0.5849999785423279,200,5,200,default,naive-kmeans,40:60
64,62,0.5849999785423279,200,5,200,default,naive-kmeans,40:60
64,63,0.5849999785423279,200,5,200,default,naive-kmeans,40:60
64,64,0.5849999785423279,200,5,200,default,naive-kmeans,40:60
64,65,0.5849999785423279,200,5,200,default,naive-kmeans,40:60
64,66,0.5849999785423279,200,5,200,default,naive-kmeans,40:60
64,67,0.5849999785423279,200,5,200,default,naive-kmeans,40:60
64,68,0.5849999785423279,200,5,200,default,naive-kmeans,40:60
64,69,0.5849999785423279,200,5,200,default,naive-kmeans,40:60
64,70,0.5849999785423279,200,5,200,default,naive-kmeans,40:60
64,71,0.5849999785423279,200,5,200,default,naive-kmeans,40:60
64,72,0.5849999785423279,200,5,200,default,naive-kmeans,40:60
64,73,0.5849999785423279,200,5,200,default,naive-kmeans,40:60
64,74,0.5849999785423279,200,5,200,default,naive-kmeans,40:60
64,75,0.5849999785423279,200,5,200,default,naive-kmeans,40:60
64,76,0.5849999785423279,200,5,200,default,naive-kmeans,40:60
64,77,0.5849999785423279,200,5,200,default,naive-kmeans,40:60
64,78,0.5849999785423279,200,5,200,default,naive-kmeans,40:60
64,79,0.5849999785423279,200,5,200,default,naive-kmeans,40:60
64,80,0.5849999785423279,200,5,200,default,naive-kmeans,40:60
64,81,0.5849999785423279,200,5,200,default,naive-kmeans,40:60
64,82,0.5849999785423279,200,5,200,default,naive-kmeans,40:60
64,83,0.5849999785423279,200,5,200,default,naive-kmeans,40:60
64,84,0.5849999785423279,200,5,200,default,naive-kmeans,40:60
64,85,0.5849999785423279,200,5,200,default,naive-kmeans,40:60
64,86,0.5849999785423279,200,5,200,default,naive-kmeans,40:60
64,87,0.5849999785423279,200,5,200,default,naive-kmeans,40:60
64,88,0.5849999785423279,200,5,200,default,naive-kmeans,40:60
64,89,0.5849999785423279,200,5,200,default,naive-kmeans,40:60
64,90,0.5849999785423279,200,5,200,default,naive-kmeans,40:60
64,91,0.5849999785423279,200,5,200,default,naive-kmeans,40:60
64,92,0.5849999785423279,200,5,200,default,naive-kmeans,40:60
64,93,0.5849999785423279,200,5,200,default,naive-kmeans,40:60
64,94,0.5849999785423279,200,5,200,default,naive-kmeans,40:60
64,95,0.5849999785423279,200,5,200,default,naive-kmeans,40:60
64,96,0.5849999785423279,200,5,200,default,naive-kmeans,40:60
64,97,0.5849999785423279,200,5,200,default,naive-kmeans,40:60
64,98,0.5849999785423279,200,5,200,default,naive-kmeans,40:60
64,99,0.5849999785423279,200,5,200,default,naive-kmeans,40:60
65,0,0.5550000071525574,200,5,200,default,naive-kmeans,40:60
65,1,0.5450000166893005,200,5,200,default,naive-kmeans,40:60
65,2,0.5649999976158142,200,5,200,default,naive-kmeans,40:60
65,3,0.5600000023841858,200,5,200,default,naive-kmeans,40:60
65,4,0.5450000166893005,200,5,200,default,naive-kmeans,40:60
65,5,0.550000011920929,200,5,200,default,naive-kmeans,40:60
65,6,0.5649999976158142,200,5,200,default,naive-kmeans,40:60
65,7,0.5649999976158142,200,5,200,default,naive-kmeans,40:60
65,8,0.5649999976158142,200,5,200,default,naive-kmeans,40:60
65,9,0.5649999976158142,200,5,200,default,naive-kmeans,40:60
65,10,0.5649999976158142,200,5,200,default,naive-kmeans,40:60
65,11,0.5649999976158142,200,5,200,default,naive-kmeans,40:60
65,12,0.5649999976158142,200,5,200,default,naive-kmeans,40:60
65,13,0.5649999976158142,200,5,200,default,naive-kmeans,40:60
65,14,0.5649999976158142,200,5,200,default,naive-kmeans,40:60
65,15,0.5649999976158142,200,5,200,default,naive-kmeans,40:60
65,16,0.5649999976158142,200,5,200,default,naive-kmeans,40:60
65,17,0.5649999976158142,200,5,200,default,naive-kmeans,40:60
65,18,0.5649999976158142,200,5,200,default,naive-kmeans,40:60
65,19,0.5649999976158142,200,5,200,default,naive-kmeans,40:60
65,20,0.5649999976158142,200,5,200,default,naive-kmeans,40:60
65,21,0.5649999976158142,200,5,200,default,naive-kmeans,40:60
65,22,0.5649999976158142,200,5,200,default,naive-kmeans,40:60
65,23,0.5649999976158142,200,5,200,default,naive-kmeans,40:60
65,24,0.5649999976158142,200,5,200,default,naive-kmeans,40:60
65,25,0.5649999976158142,200,5,200,default,naive-kmeans,40:60
65,26,0.5649999976158142,200,5,200,default,naive-kmeans,40:60
65,27,0.5649999976158142,200,5,200,default,naive-kmeans,40:60
65,28,0.5649999976158142,200,5,200,default,naive-kmeans,40:60
65,29,0.5649999976158142,200,5,200,default,naive-kmeans,40:60
65,30,0.5649999976158142,200,5,200,default,naive-kmeans,40:60
65,31,0.5649999976158142,200,5,200,default,naive-kmeans,40:60
65,32,0.5649999976158142,200,5,200,default,naive-kmeans,40:60
65,33,0.5649999976158142,200,5,200,default,naive-kmeans,40:60
65,34,0.5649999976158142,200,5,200,default,naive-kmeans,40:60
65,35,0.5649999976158142,200,5,200,default,naive-kmeans,40:60
65,36,0.5649999976158142,200,5,200,default,naive-kmeans,40:60
65,37,0.5649999976158142,200,5,200,default,naive-kmeans,40:60
65,38,0.5649999976158142,200,5,200,default,naive-kmeans,40:60
65,39,0.5649999976158142,200,5,200,default,naive-kmeans,40:60
65,40,0.5649999976158142,200,5,200,default,naive-kmeans,40:60
65,41,0.5649999976158142,200,5,200,default,naive-kmeans,40:60
65,42,0.5649999976158142,200,5,200,default,naive-kmeans,40:60
65,43,0.5649999976158142,200,5,200,default,naive-kmeans,40:60
65,44,0.5649999976158142,200,5,200,default,naive-kmeans,40:60
65,45,0.5649999976158142,200,5,200,default,naive-kmeans,40:60
65,46,0.5649999976158142,200,5,200,default,naive-kmeans,40:60
65,47,0.5649999976158142,200,5,200,default,naive-kmeans,40:60
65,48,0.5649999976158142,200,5,200,default,naive-kmeans,40:60
65,49,0.5649999976158142,200,5,200,default,naive-kmeans,40:60
65,50,0.5649999976158142,200,5,200,default,naive-kmeans,40:60
65,51,0.5649999976158142,200,5,200,default,naive-kmeans,40:60
65,52,0.5649999976158142,200,5,200,default,naive-kmeans,40:60
65,53,0.5649999976158142,200,5,200,default,naive-kmeans,40:60
65,54,0.5649999976158142,200,5,200,default,naive-kmeans,40:60
65,55,0.5649999976158142,200,5,200,default,naive-kmeans,40:60
65,56,0.5649999976158142,200,5,200,default,naive-kmeans,40:60
65,57,0.5649999976158142,200,5,200,default,naive-kmeans,40:60
65,58,0.5649999976158142,200,5,200,default,naive-kmeans,40:60
65,59,0.5649999976158142,200,5,200,default,naive-kmeans,40:60
65,60,0.5649999976158142,200,5,200,default,naive-kmeans,40:60
65,61,0.5649999976158142,200,5,200,default,naive-kmeans,40:60
65,62,0.5649999976158142,200,5,200,default,naive-kmeans,40:60
65,63,0.5649999976158142,200,5,200,default,naive-kmeans,40:60
65,64,0.5649999976158142,200,5,200,default,naive-kmeans,40:60
65,65,0.5649999976158142,200,5,200,default,naive-kmeans,40:60
65,66,0.5649999976158142,200,5,200,default,naive-kmeans,40:60
65,67,0.5649999976158142,200,5,200,default,naive-kmeans,40:60
65,68,0.5649999976158142,200,5,200,default,naive-kmeans,40:60
65,69,0.5649999976158142,200,5,200,default,naive-kmeans,40:60
65,70,0.5649999976158142,200,5,200,default,naive-kmeans,40:60
65,71,0.5649999976158142,200,5,200,default,naive-kmeans,40:60
65,72,0.5649999976158142,200,5,200,default,naive-kmeans,40:60
65,73,0.5649999976158142,200,5,200,default,naive-kmeans,40:60
65,74,0.5649999976158142,200,5,200,default,naive-kmeans,40:60
65,75,0.5649999976158142,200,5,200,default,naive-kmeans,40:60
65,76,0.5649999976158142,200,5,200,default,naive-kmeans,40:60
65,77,0.5649999976158142,200,5,200,default,naive-kmeans,40:60
65,78,0.5649999976158142,200,5,200,default,naive-kmeans,40:60
65,79,0.5649999976158142,200,5,200,default,naive-kmeans,40:60
65,80,0.5649999976158142,200,5,200,default,naive-kmeans,40:60
65,81,0.5649999976158142,200,5,200,default,naive-kmeans,40:60
65,82,0.5649999976158142,200,5,200,default,naive-kmeans,40:60
65,83,0.5649999976158142,200,5,200,default,naive-kmeans,40:60
65,84,0.5649999976158142,200,5,200,default,naive-kmeans,40:60
65,85,0.5649999976158142,200,5,200,default,naive-kmeans,40:60
65,86,0.5649999976158142,200,5,200,default,naive-kmeans,40:60
65,87,0.5649999976158142,200,5,200,default,naive-kmeans,40:60
65,88,0.5649999976158142,200,5,200,default,naive-kmeans,40:60
65,89,0.5649999976158142,200,5,200,default,naive-kmeans,40:60
65,90,0.5649999976158142,200,5,200,default,naive-kmeans,40:60
65,91,0.5649999976158142,200,5,200,default,naive-kmeans,40:60
65,92,0.5649999976158142,200,5,200,default,naive-kmeans,40:60
65,93,0.5649999976158142,200,5,200,default,naive-kmeans,40:60
65,94,0.5649999976158142,200,5,200,default,naive-kmeans,40:60
65,95,0.5649999976158142,200,5,200,default,naive-kmeans,40:60
65,96,0.5649999976158142,200,5,200,default,naive-kmeans,40:60
65,97,0.5649999976158142,200,5,200,default,naive-kmeans,40:60
65,98,0.5649999976158142,200,5,200,default,naive-kmeans,40:60
65,99,0.5649999976158142,200,5,200,default,naive-kmeans,40:60
66,0,0.5799999833106995,200,5,200,default,naive-kmeans,40:60
66,1,0.5699999928474426,200,5,200,default,naive-kmeans,40:60
66,2,0.550000011920929,200,5,200,default,naive-kmeans,40:60
66,3,0.5649999976158142,200,5,200,default,naive-kmeans,40:60
66,4,0.5600000023841858,200,5,200,default,naive-kmeans,40:60
66,5,0.5649999976158142,200,5,200,default,naive-kmeans,40:60
66,6,0.5699999928474426,200,5,200,default,naive-kmeans,40:60
66,7,0.5799999833106995,200,5,200,default,naive-kmeans,40:60
66,8,0.5799999833106995,200,5,200,default,naive-kmeans,40:60
66,9,0.5799999833106995,200,5,200,default,naive-kmeans,40:60
66,10,0.5799999833106995,200,5,200,default,naive-kmeans,40:60
66,11,0.5799999833106995,200,5,200,default,naive-kmeans,40:60
66,12,0.5799999833106995,200,5,200,default,naive-kmeans,40:60
66,13,0.5799999833106995,200,5,200,default,naive-kmeans,40:60
66,14,0.5799999833106995,200,5,200,default,naive-kmeans,40:60
66,15,0.5799999833106995,200,5,200,default,naive-kmeans,40:60
66,16,0.5799999833106995,200,5,200,default,naive-kmeans,40:60
66,17,0.5799999833106995,200,5,200,default,naive-kmeans,40:60
66,18,0.5799999833106995,200,5,200,default,naive-kmeans,40:60
66,19,0.5799999833106995,200,5,200,default,naive-kmeans,40:60
66,20,0.5799999833106995,200,5,200,default,naive-kmeans,40:60
66,21,0.5799999833106995,200,5,200,default,naive-kmeans,40:60
66,22,0.5799999833106995,200,5,200,default,naive-kmeans,40:60
66,23,0.5799999833106995,200,5,200,default,naive-kmeans,40:60
66,24,0.5799999833106995,200,5,200,default,naive-kmeans,40:60
66,25,0.5799999833106995,200,5,200,default,naive-kmeans,40:60
66,26,0.5799999833106995,200,5,200,default,naive-kmeans,40:60
66,27,0.5799999833106995,200,5,200,default,naive-kmeans,40:60
66,28,0.5799999833106995,200,5,200,default,naive-kmeans,40:60
66,29,0.5799999833106995,200,5,200,default,naive-kmeans,40:60
66,30,0.5799999833106995,200,5,200,default,naive-kmeans,40:60
66,31,0.5799999833106995,200,5,200,default,naive-kmeans,40:60
66,32,0.5799999833106995,200,5,200,default,naive-kmeans,40:60
66,33,0.5799999833106995,200,5,200,default,naive-kmeans,40:60
66,34,0.5799999833106995,200,5,200,default,naive-kmeans,40:60
66,35,0.5799999833106995,200,5,200,default,naive-kmeans,40:60
66,36,0.5799999833106995,200,5,200,default,naive-kmeans,40:60
66,37,0.5799999833106995,200,5,200,default,naive-kmeans,40:60
66,38,0.5799999833106995,200,5,200,default,naive-kmeans,40:60
66,39,0.5799999833106995,200,5,200,default,naive-kmeans,40:60
66,40,0.5799999833106995,200,5,200,default,naive-kmeans,40:60
66,41,0.5799999833106995,200,5,200,default,naive-kmeans,40:60
66,42,0.5799999833106995,200,5,200,default,naive-kmeans,40:60
66,43,0.5799999833106995,200,5,200,default,naive-kmeans,40:60
66,44,0.5799999833106995,200,5,200,default,naive-kmeans,40:60
66,45,0.5799999833106995,200,5,200,default,naive-kmeans,40:60
66,46,0.5799999833106995,200,5,200,default,naive-kmeans,40:60
66,47,0.5799999833106995,200,5,200,default,naive-kmeans,40:60
66,48,0.5799999833106995,200,5,200,default,naive-kmeans,40:60
66,49,0.5799999833106995,200,5,200,default,naive-kmeans,40:60
66,50,0.5799999833106995,200,5,200,default,naive-kmeans,40:60
66,51,0.5799999833106995,200,5,200,default,naive-kmeans,40:60
66,52,0.5799999833106995,200,5,200,default,naive-kmeans,40:60
66,53,0.5799999833106995,200,5,200,default,naive-kmeans,40:60
66,54,0.5799999833106995,200,5,200,default,naive-kmeans,40:60
66,55,0.5799999833106995,200,5,200,default,naive-kmeans,40:60
66,56,0.5799999833106995,200,5,200,default,naive-kmeans,40:60
66,57,0.5799999833106995,200,5,200,default,naive-kmeans,40:60
66,58,0.5799999833106995,200,5,200,default,naive-kmeans,40:60
66,59,0.5799999833106995,200,5,200,default,naive-kmeans,40:60
66,60,0.5799999833106995,200,5,200,default,naive-kmeans,40:60
66,61,0.5799999833106995,200,5,200,default,naive-kmeans,40:60
66,62,0.5799999833106995,200,5,200,default,naive-kmeans,40:60
66,63,0.5799999833106995,200,5,200,default,naive-kmeans,40:60
66,64,0.5799999833106995,200,5,200,default,naive-kmeans,40:60
66,65,0.5799999833106995,200,5,200,default,naive-kmeans,40:60
66,66,0.5799999833106995,200,5,200,default,naive-kmeans,40:60
66,67,0.5799999833106995,200,5,200,default,naive-kmeans,40:60
66,68,0.5799999833106995,200,5,200,default,naive-kmeans,40:60
66,69,0.5799999833106995,200,5,200,default,naive-kmeans,40:60
66,70,0.5799999833106995,200,5,200,default,naive-kmeans,40:60
66,71,0.5799999833106995,200,5,200,default,naive-kmeans,40:60
66,72,0.5799999833106995,200,5,200,default,naive-kmeans,40:60
66,73,0.5799999833106995,200,5,200,default,naive-kmeans,40:60
66,74,0.5799999833106995,200,5,200,default,naive-kmeans,40:60
66,75,0.5799999833106995,200,5,200,default,naive-kmeans,40:60
66,76,0.5799999833106995,200,5,200,default,naive-kmeans,40:60
66,77,0.5799999833106995,200,5,200,default,naive-kmeans,40:60
66,78,0.5799999833106995,200,5,200,default,naive-kmeans,40:60
66,79,0.5799999833106995,200,5,200,default,naive-kmeans,40:60
66,80,0.5799999833106995,200,5,200,default,naive-kmeans,40:60
66,81,0.5799999833106995,200,5,200,default,naive-kmeans,40:60
66,82,0.5799999833106995,200,5,200,default,naive-kmeans,40:60
66,83,0.5799999833106995,200,5,200,default,naive-kmeans,40:60
66,84,0.5799999833106995,200,5,200,default,naive-kmeans,40:60
66,85,0.5799999833106995,200,5,200,default,naive-kmeans,40:60
66,86,0.5799999833106995,200,5,200,default,naive-kmeans,40:60
66,87,0.5799999833106995,200,5,200,default,naive-kmeans,40:60
66,88,0.5799999833106995,200,5,200,default,naive-kmeans,40:60
66,89,0.5799999833106995,200,5,200,default,naive-kmeans,40:60
66,90,0.5799999833106995,200,5,200,default,naive-kmeans,40:60
66,91,0.5799999833106995,200,5,200,default,naive-kmeans,40:60
66,92,0.5799999833106995,200,5,200,default,naive-kmeans,40:60
66,93,0.5799999833106995,200,5,200,default,naive-kmeans,40:60
66,94,0.5799999833106995,200,5,200,default,naive-kmeans,40:60
66,95,0.5799999833106995,200,5,200,default,naive-kmeans,40:60
66,96,0.5799999833106995,200,5,200,default,naive-kmeans,40:60
66,97,0.5799999833106995,200,5,200,default,naive-kmeans,40:60
66,98,0.5799999833106995,200,5,200,default,naive-kmeans,40:60
66,99,0.5799999833106995,200,5,200,default,naive-kmeans,40:60
67,0,0.5699999928474426,200,5,200,default,naive-kmeans,40:60
67,1,0.550000011920929,200,5,200,default,naive-kmeans,40:60
67,2,0.5450000166893005,200,5,200,default,naive-kmeans,40:60
67,3,0.5550000071525574,200,5,200,default,naive-kmeans,40:60
67,4,0.5550000071525574,200,5,200,default,naive-kmeans,40:60
67,5,0.6100000143051147,200,5,200,default,naive-kmeans,40:60
67,6,0.5849999785423279,200,5,200,default,naive-kmeans,40:60
67,7,0.5550000071525574,200,5,200,default,naive-kmeans,40:60
67,8,0.6100000143051147,200,5,200,default,naive-kmeans,40:60
67,9,0.6100000143051147,200,5,200,default,naive-kmeans,40:60
67,10,0.6100000143051147,200,5,200,default,naive-kmeans,40:60
67,11,0.6100000143051147,200,5,200,default,naive-kmeans,40:60
67,12,0.6100000143051147,200,5,200,default,naive-kmeans,40:60
67,13,0.6100000143051147,200,5,200,default,naive-kmeans,40:60
67,14,0.6100000143051147,200,5,200,default,naive-kmeans,40:60
67,15,0.6100000143051147,200,5,200,default,naive-kmeans,40:60
67,16,0.6100000143051147,200,5,200,default,naive-kmeans,40:60
67,17,0.6100000143051147,200,5,200,default,naive-kmeans,40:60
67,18,0.6100000143051147,200,5,200,default,naive-kmeans,40:60
67,19,0.6100000143051147,200,5,200,default,naive-kmeans,40:60
67,20,0.6100000143051147,200,5,200,default,naive-kmeans,40:60
67,21,0.6100000143051147,200,5,200,default,naive-kmeans,40:60
67,22,0.6100000143051147,200,5,200,default,naive-kmeans,40:60
67,23,0.6100000143051147,200,5,200,default,naive-kmeans,40:60
67,24,0.6100000143051147,200,5,200,default,naive-kmeans,40:60
67,25,0.6100000143051147,200,5,200,default,naive-kmeans,40:60
67,26,0.6100000143051147,200,5,200,default,naive-kmeans,40:60
67,27,0.6100000143051147,200,5,200,default,naive-kmeans,40:60
67,28,0.6100000143051147,200,5,200,default,naive-kmeans,40:60
67,29,0.6100000143051147,200,5,200,default,naive-kmeans,40:60
67,30,0.6100000143051147,200,5,200,default,naive-kmeans,40:60
67,31,0.6100000143051147,200,5,200,default,naive-kmeans,40:60
67,32,0.6100000143051147,200,5,200,default,naive-kmeans,40:60
67,33,0.6100000143051147,200,5,200,default,naive-kmeans,40:60
67,34,0.6100000143051147,200,5,200,default,naive-kmeans,40:60
67,35,0.6100000143051147,200,5,200,default,naive-kmeans,40:60
67,36,0.6100000143051147,200,5,200,default,naive-kmeans,40:60
67,37,0.6100000143051147,200,5,200,default,naive-kmeans,40:60
67,38,0.6100000143051147,200,5,200,default,naive-kmeans,40:60
67,39,0.6100000143051147,200,5,200,default,naive-kmeans,40:60
67,40,0.6100000143051147,200,5,200,default,naive-kmeans,40:60
67,41,0.6100000143051147,200,5,200,default,naive-kmeans,40:60
67,42,0.6100000143051147,200,5,200,default,naive-kmeans,40:60
67,43,0.6100000143051147,200,5,200,default,naive-kmeans,40:60
67,44,0.6100000143051147,200,5,200,default,naive-kmeans,40:60
67,45,0.6100000143051147,200,5,200,default,naive-kmeans,40:60
67,46,0.6100000143051147,200,5,200,default,naive-kmeans,40:60
67,47,0.6100000143051147,200,5,200,default,naive-kmeans,40:60
67,48,0.6100000143051147,200,5,200,default,naive-kmeans,40:60
67,49,0.6100000143051147,200,5,200,default,naive-kmeans,40:60
67,50,0.6100000143051147,200,5,200,default,naive-kmeans,40:60
67,51,0.6100000143051147,200,5,200,default,naive-kmeans,40:60
67,52,0.6100000143051147,200,5,200,default,naive-kmeans,40:60
67,53,0.6100000143051147,200,5,200,default,naive-kmeans,40:60
67,54,0.6100000143051147,200,5,200,default,naive-kmeans,40:60
67,55,0.6100000143051147,200,5,200,default,naive-kmeans,40:60
67,56,0.6100000143051147,200,5,200,default,naive-kmeans,40:60
67,57,0.6100000143051147,200,5,200,default,naive-kmeans,40:60
67,58,0.6100000143051147,200,5,200,default,naive-kmeans,40:60
67,59,0.6100000143051147,200,5,200,default,naive-kmeans,40:60
67,60,0.6100000143051147,200,5,200,default,naive-kmeans,40:60
67,61,0.6100000143051147,200,5,200,default,naive-kmeans,40:60
67,62,0.6100000143051147,200,5,200,default,naive-kmeans,40:60
67,63,0.6100000143051147,200,5,200,default,naive-kmeans,40:60
67,64,0.6100000143051147,200,5,200,default,naive-kmeans,40:60
67,65,0.6100000143051147,200,5,200,default,naive-kmeans,40:60
67,66,0.6100000143051147,200,5,200,default,naive-kmeans,40:60
67,67,0.6100000143051147,200,5,200,default,naive-kmeans,40:60
67,68,0.6100000143051147,200,5,200,default,naive-kmeans,40:60
67,69,0.6100000143051147,200,5,200,default,naive-kmeans,40:60
67,70,0.6100000143051147,200,5,200,default,naive-kmeans,40:60
67,71,0.6100000143051147,200,5,200,default,naive-kmeans,40:60
67,72,0.6100000143051147,200,5,200,default,naive-kmeans,40:60
67,73,0.6100000143051147,200,5,200,default,naive-kmeans,40:60
67,74,0.6100000143051147,200,5,200,default,naive-kmeans,40:60
67,75,0.6100000143051147,200,5,200,default,naive-kmeans,40:60
67,76,0.6100000143051147,200,5,200,default,naive-kmeans,40:60
67,77,0.6100000143051147,200,5,200,default,naive-kmeans,40:60
67,78,0.6100000143051147,200,5,200,default,naive-kmeans,40:60
67,79,0.6100000143051147,200,5,200,default,naive-kmeans,40:60
67,80,0.6100000143051147,200,5,200,default,naive-kmeans,40:60
67,81,0.6100000143051147,200,5,200,default,naive-kmeans,40:60
67,82,0.6100000143051147,200,5,200,default,naive-kmeans,40:60
67,83,0.6100000143051147,200,5,200,default,naive-kmeans,40:60
67,84,0.6100000143051147,200,5,200,default,naive-kmeans,40:60
67,85,0.6100000143051147,200,5,200,default,naive-kmeans,40:60
67,86,0.6100000143051147,200,5,200,default,naive-kmeans,40:60
67,87,0.6100000143051147,200,5,200,default,naive-kmeans,40:60
67,88,0.6100000143051147,200,5,200,default,naive-kmeans,40:60
67,89,0.6100000143051147,200,5,200,default,naive-kmeans,40:60
67,90,0.6100000143051147,200,5,200,default,naive-kmeans,40:60
67,91,0.6100000143051147,200,5,200,default,naive-kmeans,40:60
67,92,0.6100000143051147,200,5,200,default,naive-kmeans,40:60
67,93,0.6100000143051147,200,5,200,default,naive-kmeans,40:60
67,94,0.6100000143051147,200,5,200,default,naive-kmeans,40:60
67,95,0.6100000143051147,200,5,200,default,naive-kmeans,40:60
67,96,0.6100000143051147,200,5,200,default,naive-kmeans,40:60
67,97,0.6100000143051147,200,5,200,default,naive-kmeans,40:60
67,98,0.6100000143051147,200,5,200,default,naive-kmeans,40:60
67,99,0.6100000143051147,200,5,200,default,naive-kmeans,40:60
68,0,0.5450000166893005,200,5,200,default,naive-kmeans,40:60
68,1,0.5550000071525574,200,5,200,default,naive-kmeans,40:60
68,2,0.5600000023841858,200,5,200,default,naive-kmeans,40:60
68,3,0.5699999928474426,200,5,200,default,naive-kmeans,40:60
68,4,0.550000011920929,200,5,200,default,naive-kmeans,40:60
68,5,0.5400000214576721,200,5,200,default,naive-kmeans,40:60
68,6,0.5350000262260437,200,5,200,default,naive-kmeans,40:60
68,7,0.5350000262260437,200,5,200,default,naive-kmeans,40:60
68,8,0.5849999785423279,200,5,200,default,naive-kmeans,40:60
68,9,0.5849999785423279,200,5,200,default,naive-kmeans,40:60
68,10,0.5849999785423279,200,5,200,default,naive-kmeans,40:60
68,11,0.5849999785423279,200,5,200,default,naive-kmeans,40:60
68,12,0.5849999785423279,200,5,200,default,naive-kmeans,40:60
68,13,0.5849999785423279,200,5,200,default,naive-kmeans,40:60
68,14,0.5849999785423279,200,5,200,default,naive-kmeans,40:60
68,15,0.5849999785423279,200,5,200,default,naive-kmeans,40:60
68,16,0.5849999785423279,200,5,200,default,naive-kmeans,40:60
68,17,0.5849999785423279,200,5,200,default,naive-kmeans,40:60
68,18,0.5849999785423279,200,5,200,default,naive-kmeans,40:60
68,19,0.5849999785423279,200,5,200,default,naive-kmeans,40:60
68,20,0.5849999785423279,200,5,200,default,naive-kmeans,40:60
68,21,0.5849999785423279,200,5,200,default,naive-kmeans,40:60
68,22,0.5849999785423279,200,5,200,default,naive-kmeans,40:60
68,23,0.5849999785423279,200,5,200,default,naive-kmeans,40:60
68,24,0.5849999785423279,200,5,200,default,naive-kmeans,40:60
68,25,0.5849999785423279,200,5,200,default,naive-kmeans,40:60
68,26,0.5849999785423279,200,5,200,default,naive-kmeans,40:60
68,27,0.5849999785423279,200,5,200,default,naive-kmeans,40:60
68,28,0.5849999785423279,200,5,200,default,naive-kmeans,40:60
68,29,0.5849999785423279,200,5,200,default,naive-kmeans,40:60
68,30,0.5849999785423279,200,5,200,default,naive-kmeans,40:60
68,31,0.5849999785423279,200,5,200,default,naive-kmeans,40:60
68,32,0.5849999785423279,200,5,200,default,naive-kmeans,40:60
68,33,0.5849999785423279,200,5,200,default,naive-kmeans,40:60
68,34,0.5849999785423279,200,5,200,default,naive-kmeans,40:60
68,35,0.5849999785423279,200,5,200,default,naive-kmeans,40:60
68,36,0.5849999785423279,200,5,200,default,naive-kmeans,40:60
68,37,0.5849999785423279,200,5,200,default,naive-kmeans,40:60
68,38,0.5849999785423279,200,5,200,default,naive-kmeans,40:60
68,39,0.5849999785423279,200,5,200,default,naive-kmeans,40:60
68,40,0.5849999785423279,200,5,200,default,naive-kmeans,40:60
68,41,0.5849999785423279,200,5,200,default,naive-kmeans,40:60
68,42,0.5849999785423279,200,5,200,default,naive-kmeans,40:60
68,43,0.5849999785423279,200,5,200,default,naive-kmeans,40:60
68,44,0.5849999785423279,200,5,200,default,naive-kmeans,40:60
68,45,0.5849999785423279,200,5,200,default,naive-kmeans,40:60
68,46,0.5849999785423279,200,5,200,default,naive-kmeans,40:60
68,47,0.5849999785423279,200,5,200,default,naive-kmeans,40:60
68,48,0.5849999785423279,200,5,200,default,naive-kmeans,40:60
68,49,0.5849999785423279,200,5,200,default,naive-kmeans,40:60
68,50,0.5849999785423279,200,5,200,default,naive-kmeans,40:60
68,51,0.5849999785423279,200,5,200,default,naive-kmeans,40:60
68,52,0.5849999785423279,200,5,200,default,naive-kmeans,40:60
68,53,0.5849999785423279,200,5,200,default,naive-kmeans,40:60
68,54,0.5849999785423279,200,5,200,default,naive-kmeans,40:60
68,55,0.5849999785423279,200,5,200,default,naive-kmeans,40:60
68,56,0.5849999785423279,200,5,200,default,naive-kmeans,40:60
68,57,0.5849999785423279,200,5,200,default,naive-kmeans,40:60
68,58,0.5849999785423279,200,5,200,default,naive-kmeans,40:60
68,59,0.5849999785423279,200,5,200,default,naive-kmeans,40:60
68,60,0.5849999785423279,200,5,200,default,naive-kmeans,40:60
68,61,0.5849999785423279,200,5,200,default,naive-kmeans,40:60
68,62,0.5849999785423279,200,5,200,default,naive-kmeans,40:60
68,63,0.5849999785423279,200,5,200,default,naive-kmeans,40:60
68,64,0.5849999785423279,200,5,200,default,naive-kmeans,40:60
68,65,0.5849999785423279,200,5,200,default,naive-kmeans,40:60
68,66,0.5849999785423279,200,5,200,default,naive-kmeans,40:60
68,67,0.5849999785423279,200,5,200,default,naive-kmeans,40:60
68,68,0.5849999785423279,200,5,200,default,naive-kmeans,40:60
68,69,0.5849999785423279,200,5,200,default,naive-kmeans,40:60
68,70,0.5849999785423279,200,5,200,default,naive-kmeans,40:60
68,71,0.5849999785423279,200,5,200,default,naive-kmeans,40:60
68,72,0.5849999785423279,200,5,200,default,naive-kmeans,40:60
68,73,0.5849999785423279,200,5,200,default,naive-kmeans,40:60
68,74,0.5849999785423279,200,5,200,default,naive-kmeans,40:60
68,75,0.5849999785423279,200,5,200,default,naive-kmeans,40:60
68,76,0.5849999785423279,200,5,200,default,naive-kmeans,40:60
68,77,0.5849999785423279,200,5,200,default,naive-kmeans,40:60
68,78,0.5849999785423279,200,5,200,default,naive-kmeans,40:60
68,79,0.5849999785423279,200,5,200,default,naive-kmeans,40:60
68,80,0.5849999785423279,200,5,200,default,naive-kmeans,40:60
68,81,0.5849999785423279,200,5,200,default,naive-kmeans,40:60
68,82,0.5849999785423279,200,5,200,default,naive-kmeans,40:60
68,83,0.5849999785423279,200,5,200,default,naive-kmeans,40:60
68,84,0.5849999785423279,200,5,200,default,naive-kmeans,40:60
68,85,0.5849999785423279,200,5,200,default,naive-kmeans,40:60
68,86,0.5849999785423279,200,5,200,default,naive-kmeans,40:60
68,87,0.5849999785423279,200,5,200,default,naive-kmeans,40:60
68,88,0.5849999785423279,200,5,200,default,naive-kmeans,40:60
68,89,0.5849999785423279,200,5,200,default,naive-kmeans,40:60
68,90,0.5849999785423279,200,5,200,default,naive-kmeans,40:60
68,91,0.5849999785423279,200,5,200,default,naive-kmeans,40:60
68,92,0.5849999785423279,200,5,200,default,naive-kmeans,40:60
68,93,0.5849999785423279,200,5,200,default,naive-kmeans,40:60
68,94,0.5849999785423279,200,5,200,default,naive-kmeans,40:60
68,95,0.5849999785423279,200,5,200,default,naive-kmeans,40:60
68,96,0.5849999785423279,200,5,200,default,naive-kmeans,40:60
68,97,0.5849999785423279,200,5,200,default,naive-kmeans,40:60
68,98,0.5849999785423279,200,5,200,default,naive-kmeans,40:60
68,99,0.5849999785423279,200,5,200,default,naive-kmeans,40:60
69,0,0.5249999761581421,200,5,200,default,naive-kmeans,40:60
69,1,0.5600000023841858,200,5,200,default,naive-kmeans,40:60
69,2,0.574999988079071,200,5,200,default,naive-kmeans,40:60
69,3,0.5299999713897705,200,5,200,default,naive-kmeans,40:60
69,4,0.5199999809265137,200,5,200,default,naive-kmeans,40:60
69,5,0.5450000166893005,200,5,200,default,naive-kmeans,40:60
69,6,0.5099999904632568,200,5,200,default,naive-kmeans,40:60
69,7,0.574999988079071,200,5,200,default,naive-kmeans,40:60
69,8,0.574999988079071,200,5,200,default,naive-kmeans,40:60
69,9,0.574999988079071,200,5,200,default,naive-kmeans,40:60
69,10,0.574999988079071,200,5,200,default,naive-kmeans,40:60
69,11,0.574999988079071,200,5,200,default,naive-kmeans,40:60
69,12,0.574999988079071,200,5,200,default,naive-kmeans,40:60
69,13,0.574999988079071,200,5,200,default,naive-kmeans,40:60
69,14,0.574999988079071,200,5,200,default,naive-kmeans,40:60
69,15,0.574999988079071,200,5,200,default,naive-kmeans,40:60
69,16,0.574999988079071,200,5,200,default,naive-kmeans,40:60
69,17,0.574999988079071,200,5,200,default,naive-kmeans,40:60
69,18,0.574999988079071,200,5,200,default,naive-kmeans,40:60
69,19,0.574999988079071,200,5,200,default,naive-kmeans,40:60
69,20,0.574999988079071,200,5,200,default,naive-kmeans,40:60
69,21,0.574999988079071,200,5,200,default,naive-kmeans,40:60
69,22,0.574999988079071,200,5,200,default,naive-kmeans,40:60
69,23,0.574999988079071,200,5,200,default,naive-kmeans,40:60
69,24,0.574999988079071,200,5,200,default,naive-kmeans,40:60
69,25,0.574999988079071,200,5,200,default,naive-kmeans,40:60
69,26,0.574999988079071,200,5,200,default,naive-kmeans,40:60
69,27,0.574999988079071,200,5,200,default,naive-kmeans,40:60
69,28,0.574999988079071,200,5,200,default,naive-kmeans,40:60
69,29,0.574999988079071,200,5,200,default,naive-kmeans,40:60
69,30,0.574999988079071,200,5,200,default,naive-kmeans,40:60
69,31,0.574999988079071,200,5,200,default,naive-kmeans,40:60
69,32,0.574999988079071,200,5,200,default,naive-kmeans,40:60
69,33,0.574999988079071,200,5,200,default,naive-kmeans,40:60
69,34,0.574999988079071,200,5,200,default,naive-kmeans,40:60
69,35,0.574999988079071,200,5,200,default,naive-kmeans,40:60
69,36,0.574999988079071,200,5,200,default,naive-kmeans,40:60
69,37,0.574999988079071,200,5,200,default,naive-kmeans,40:60
69,38,0.574999988079071,200,5,200,default,naive-kmeans,40:60
69,39,0.574999988079071,200,5,200,default,naive-kmeans,40:60
69,40,0.574999988079071,200,5,200,default,naive-kmeans,40:60
69,41,0.574999988079071,200,5,200,default,naive-kmeans,40:60
69,42,0.574999988079071,200,5,200,default,naive-kmeans,40:60
69,43,0.574999988079071,200,5,200,default,naive-kmeans,40:60
69,44,0.574999988079071,200,5,200,default,naive-kmeans,40:60
69,45,0.574999988079071,200,5,200,default,naive-kmeans,40:60
69,46,0.574999988079071,200,5,200,default,naive-kmeans,40:60
69,47,0.574999988079071,200,5,200,default,naive-kmeans,40:60
69,48,0.574999988079071,200,5,200,default,naive-kmeans,40:60
69,49,0.574999988079071,200,5,200,default,naive-kmeans,40:60
69,50,0.574999988079071,200,5,200,default,naive-kmeans,40:60
69,51,0.574999988079071,200,5,200,default,naive-kmeans,40:60
69,52,0.574999988079071,200,5,200,default,naive-kmeans,40:60
69,53,0.574999988079071,200,5,200,default,naive-kmeans,40:60
69,54,0.574999988079071,200,5,200,default,naive-kmeans,40:60
69,55,0.574999988079071,200,5,200,default,naive-kmeans,40:60
69,56,0.574999988079071,200,5,200,default,naive-kmeans,40:60
69,57,0.574999988079071,200,5,200,default,naive-kmeans,40:60
69,58,0.574999988079071,200,5,200,default,naive-kmeans,40:60
69,59,0.574999988079071,200,5,200,default,naive-kmeans,40:60
69,60,0.574999988079071,200,5,200,default,naive-kmeans,40:60
69,61,0.574999988079071,200,5,200,default,naive-kmeans,40:60
69,62,0.574999988079071,200,5,200,default,naive-kmeans,40:60
69,63,0.574999988079071,200,5,200,default,naive-kmeans,40:60
69,64,0.574999988079071,200,5,200,default,naive-kmeans,40:60
69,65,0.574999988079071,200,5,200,default,naive-kmeans,40:60
69,66,0.574999988079071,200,5,200,default,naive-kmeans,40:60
69,67,0.574999988079071,200,5,200,default,naive-kmeans,40:60
69,68,0.574999988079071,200,5,200,default,naive-kmeans,40:60
69,69,0.574999988079071,200,5,200,default,naive-kmeans,40:60
69,70,0.574999988079071,200,5,200,default,naive-kmeans,40:60
69,71,0.574999988079071,200,5,200,default,naive-kmeans,40:60
69,72,0.574999988079071,200,5,200,default,naive-kmeans,40:60
69,73,0.574999988079071,200,5,200,default,naive-kmeans,40:60
69,74,0.574999988079071,200,5,200,default,naive-kmeans,40:60
69,75,0.574999988079071,200,5,200,default,naive-kmeans,40:60
69,76,0.574999988079071,200,5,200,default,naive-kmeans,40:60
69,77,0.574999988079071,200,5,200,default,naive-kmeans,40:60
69,78,0.574999988079071,200,5,200,default,naive-kmeans,40:60
69,79,0.574999988079071,200,5,200,default,naive-kmeans,40:60
69,80,0.574999988079071,200,5,200,default,naive-kmeans,40:60
69,81,0.574999988079071,200,5,200,default,naive-kmeans,40:60
69,82,0.574999988079071,200,5,200,default,naive-kmeans,40:60
69,83,0.574999988079071,200,5,200,default,naive-kmeans,40:60
69,84,0.574999988079071,200,5,200,default,naive-kmeans,40:60
69,85,0.574999988079071,200,5,200,default,naive-kmeans,40:60
69,86,0.574999988079071,200,5,200,default,naive-kmeans,40:60
69,87,0.574999988079071,200,5,200,default,naive-kmeans,40:60
69,88,0.574999988079071,200,5,200,default,naive-kmeans,40:60
69,89,0.574999988079071,200,5,200,default,naive-kmeans,40:60
69,90,0.574999988079071,200,5,200,default,naive-kmeans,40:60
69,91,0.574999988079071,200,5,200,default,naive-kmeans,40:60
69,92,0.574999988079071,200,5,200,default,naive-kmeans,40:60
69,93,0.574999988079071,200,5,200,default,naive-kmeans,40:60
69,94,0.574999988079071,200,5,200,default,naive-kmeans,40:60
69,95,0.574999988079071,200,5,200,default,naive-kmeans,40:60
69,96,0.574999988079071,200,5,200,default,naive-kmeans,40:60
69,97,0.574999988079071,200,5,200,default,naive-kmeans,40:60
69,98,0.574999988079071,200,5,200,default,naive-kmeans,40:60
69,99,0.574999988079071,200,5,200,default,naive-kmeans,40:60
70,0,0.5249999761581421,200,5,200,default,naive-kmeans,40:60
70,1,0.5199999809265137,200,5,200,default,naive-kmeans,40:60
70,2,0.5149999856948853,200,5,200,default,naive-kmeans,40:60
70,3,0.5350000262260437,200,5,200,default,naive-kmeans,40:60
70,4,0.5149999856948853,200,5,200,default,naive-kmeans,40:60
70,5,0.5649999976158142,200,5,200,default,naive-kmeans,40:60
70,6,0.5149999856948853,200,5,200,default,naive-kmeans,40:60
70,7,0.5149999856948853,200,5,200,default,naive-kmeans,40:60
70,8,0.5350000262260437,200,5,200,default,naive-kmeans,40:60
70,9,0.5649999976158142,200,5,200,default,naive-kmeans,40:60
70,10,0.5149999856948853,200,5,200,default,naive-kmeans,40:60
70,11,0.5149999856948853,200,5,200,default,naive-kmeans,40:60
70,12,0.5649999976158142,200,5,200,default,naive-kmeans,40:60
70,13,0.5649999976158142,200,5,200,default,naive-kmeans,40:60
70,14,0.5649999976158142,200,5,200,default,naive-kmeans,40:60
70,15,0.5649999976158142,200,5,200,default,naive-kmeans,40:60
70,16,0.5649999976158142,200,5,200,default,naive-kmeans,40:60
70,17,0.5649999976158142,200,5,200,default,naive-kmeans,40:60
70,18,0.5649999976158142,200,5,200,default,naive-kmeans,40:60
70,19,0.5649999976158142,200,5,200,default,naive-kmeans,40:60
70,20,0.5649999976158142,200,5,200,default,naive-kmeans,40:60
70,21,0.5649999976158142,200,5,200,default,naive-kmeans,40:60
70,22,0.5649999976158142,200,5,200,default,naive-kmeans,40:60
70,23,0.5649999976158142,200,5,200,default,naive-kmeans,40:60
70,24,0.5649999976158142,200,5,200,default,naive-kmeans,40:60
70,25,0.5649999976158142,200,5,200,default,naive-kmeans,40:60
70,26,0.5649999976158142,200,5,200,default,naive-kmeans,40:60
70,27,0.5649999976158142,200,5,200,default,naive-kmeans,40:60
70,28,0.5649999976158142,200,5,200,default,naive-kmeans,40:60
70,29,0.5649999976158142,200,5,200,default,naive-kmeans,40:60
70,30,0.5649999976158142,200,5,200,default,naive-kmeans,40:60
70,31,0.5649999976158142,200,5,200,default,naive-kmeans,40:60
70,32,0.5649999976158142,200,5,200,default,naive-kmeans,40:60
70,33,0.5649999976158142,200,5,200,default,naive-kmeans,40:60
70,34,0.5649999976158142,200,5,200,default,naive-kmeans,40:60
70,35,0.5649999976158142,200,5,200,default,naive-kmeans,40:60
70,36,0.5649999976158142,200,5,200,default,naive-kmeans,40:60
70,37,0.5649999976158142,200,5,200,default,naive-kmeans,40:60
70,38,0.5649999976158142,200,5,200,default,naive-kmeans,40:60
70,39,0.5649999976158142,200,5,200,default,naive-kmeans,40:60
70,40,0.5649999976158142,200,5,200,default,naive-kmeans,40:60
70,41,0.5649999976158142,200,5,200,default,naive-kmeans,40:60
70,42,0.5649999976158142,200,5,200,default,naive-kmeans,40:60
70,43,0.5649999976158142,200,5,200,default,naive-kmeans,40:60
70,44,0.5649999976158142,200,5,200,default,naive-kmeans,40:60
70,45,0.5649999976158142,200,5,200,default,naive-kmeans,40:60
70,46,0.5649999976158142,200,5,200,default,naive-kmeans,40:60
70,47,0.5649999976158142,200,5,200,default,naive-kmeans,40:60
70,48,0.5649999976158142,200,5,200,default,naive-kmeans,40:60
70,49,0.5649999976158142,200,5,200,default,naive-kmeans,40:60
70,50,0.5649999976158142,200,5,200,default,naive-kmeans,40:60
70,51,0.5649999976158142,200,5,200,default,naive-kmeans,40:60
70,52,0.5649999976158142,200,5,200,default,naive-kmeans,40:60
70,53,0.5649999976158142,200,5,200,default,naive-kmeans,40:60
70,54,0.5649999976158142,200,5,200,default,naive-kmeans,40:60
70,55,0.5649999976158142,200,5,200,default,naive-kmeans,40:60
70,56,0.5649999976158142,200,5,200,default,naive-kmeans,40:60
70,57,0.5649999976158142,200,5,200,default,naive-kmeans,40:60
70,58,0.5649999976158142,200,5,200,default,naive-kmeans,40:60
70,59,0.5649999976158142,200,5,200,default,naive-kmeans,40:60
70,60,0.5649999976158142,200,5,200,default,naive-kmeans,40:60
70,61,0.5649999976158142,200,5,200,default,naive-kmeans,40:60
70,62,0.5649999976158142,200,5,200,default,naive-kmeans,40:60
70,63,0.5649999976158142,200,5,200,default,naive-kmeans,40:60
70,64,0.5649999976158142,200,5,200,default,naive-kmeans,40:60
70,65,0.5649999976158142,200,5,200,default,naive-kmeans,40:60
70,66,0.5649999976158142,200,5,200,default,naive-kmeans,40:60
70,67,0.5649999976158142,200,5,200,default,naive-kmeans,40:60
70,68,0.5649999976158142,200,5,200,default,naive-kmeans,40:60
70,69,0.5649999976158142,200,5,200,default,naive-kmeans,40:60
70,70,0.5649999976158142,200,5,200,default,naive-kmeans,40:60
70,71,0.5649999976158142,200,5,200,default,naive-kmeans,40:60
70,72,0.5649999976158142,200,5,200,default,naive-kmeans,40:60
70,73,0.5649999976158142,200,5,200,default,naive-kmeans,40:60
70,74,0.5649999976158142,200,5,200,default,naive-kmeans,40:60
70,75,0.5649999976158142,200,5,200,default,naive-kmeans,40:60
70,76,0.5649999976158142,200,5,200,default,naive-kmeans,40:60
70,77,0.5649999976158142,200,5,200,default,naive-kmeans,40:60
70,78,0.5649999976158142,200,5,200,default,naive-kmeans,40:60
70,79,0.5649999976158142,200,5,200,default,naive-kmeans,40:60
70,80,0.5649999976158142,200,5,200,default,naive-kmeans,40:60
70,81,0.5649999976158142,200,5,200,default,naive-kmeans,40:60
70,82,0.5649999976158142,200,5,200,default,naive-kmeans,40:60
70,83,0.5649999976158142,200,5,200,default,naive-kmeans,40:60
70,84,0.5649999976158142,200,5,200,default,naive-kmeans,40:60
70,85,0.5649999976158142,200,5,200,default,naive-kmeans,40:60
70,86,0.5649999976158142,200,5,200,default,naive-kmeans,40:60
70,87,0.5649999976158142,200,5,200,default,naive-kmeans,40:60
70,88,0.5649999976158142,200,5,200,default,naive-kmeans,40:60
70,89,0.5649999976158142,200,5,200,default,naive-kmeans,40:60
70,90,0.5649999976158142,200,5,200,default,naive-kmeans,40:60
70,91,0.5649999976158142,200,5,200,default,naive-kmeans,40:60
70,92,0.5649999976158142,200,5,200,default,naive-kmeans,40:60
70,93,0.5649999976158142,200,5,200,default,naive-kmeans,40:60
70,94,0.5649999976158142,200,5,200,default,naive-kmeans,40:60
70,95,0.5649999976158142,200,5,200,default,naive-kmeans,40:60
70,96,0.5649999976158142,200,5,200,default,naive-kmeans,40:60
70,97,0.5649999976158142,200,5,200,default,naive-kmeans,40:60
70,98,0.5649999976158142,200,5,200,default,naive-kmeans,40:60
70,99,0.5649999976158142,200,5,200,default,naive-kmeans,40:60
71,0,0.5350000262260437,200,5,200,default,naive-kmeans,40:60
71,1,0.5450000166893005,200,5,200,default,naive-kmeans,40:60
71,2,0.550000011920929,200,5,200,default,naive-kmeans,40:60
71,3,0.5299999713897705,200,5,200,default,naive-kmeans,40:60
71,4,0.5350000262260437,200,5,200,default,naive-kmeans,40:60
71,5,0.5849999785423279,200,5,200,default,naive-kmeans,40:60
71,6,0.5350000262260437,200,5,200,default,naive-kmeans,40:60
71,7,0.5249999761581421,200,5,200,default,naive-kmeans,40:60
71,8,0.5400000214576721,200,5,200,default,naive-kmeans,40:60
71,9,0.5400000214576721,200,5,200,default,naive-kmeans,40:60
71,10,0.5849999785423279,200,5,200,default,naive-kmeans,40:60
71,11,0.5849999785423279,200,5,200,default,naive-kmeans,40:60
71,12,0.5849999785423279,200,5,200,default,naive-kmeans,40:60
71,13,0.5849999785423279,200,5,200,default,naive-kmeans,40:60
71,14,0.5849999785423279,200,5,200,default,naive-kmeans,40:60
71,15,0.5849999785423279,200,5,200,default,naive-kmeans,40:60
71,16,0.5849999785423279,200,5,200,default,naive-kmeans,40:60
71,17,0.5849999785423279,200,5,200,default,naive-kmeans,40:60
71,18,0.5849999785423279,200,5,200,default,naive-kmeans,40:60
71,19,0.5849999785423279,200,5,200,default,naive-kmeans,40:60
71,20,0.5849999785423279,200,5,200,default,naive-kmeans,40:60
71,21,0.5849999785423279,200,5,200,default,naive-kmeans,40:60
71,22,0.5849999785423279,200,5,200,default,naive-kmeans,40:60
71,23,0.5849999785423279,200,5,200,default,naive-kmeans,40:60
71,24,0.5849999785423279,200,5,200,default,naive-kmeans,40:60
71,25,0.5849999785423279,200,5,200,default,naive-kmeans,40:60
71,26,0.5849999785423279,200,5,200,default,naive-kmeans,40:60
71,27,0.5849999785423279,200,5,200,default,naive-kmeans,40:60
71,28,0.5849999785423279,200,5,200,default,naive-kmeans,40:60
71,29,0.5849999785423279,200,5,200,default,naive-kmeans,40:60
71,30,0.5849999785423279,200,5,200,default,naive-kmeans,40:60
71,31,0.5849999785423279,200,5,200,default,naive-kmeans,40:60
71,32,0.5849999785423279,200,5,200,default,naive-kmeans,40:60
71,33,0.5849999785423279,200,5,200,default,naive-kmeans,40:60
71,34,0.5849999785423279,200,5,200,default,naive-kmeans,40:60
71,35,0.5849999785423279,200,5,200,default,naive-kmeans,40:60
71,36,0.5849999785423279,200,5,200,default,naive-kmeans,40:60
71,37,0.5849999785423279,200,5,200,default,naive-kmeans,40:60
71,38,0.5849999785423279,200,5,200,default,naive-kmeans,40:60
71,39,0.5849999785423279,200,5,200,default,naive-kmeans,40:60
71,40,0.5849999785423279,200,5,200,default,naive-kmeans,40:60
71,41,0.5849999785423279,200,5,200,default,naive-kmeans,40:60
71,42,0.5849999785423279,200,5,200,default,naive-kmeans,40:60
71,43,0.5849999785423279,200,5,200,default,naive-kmeans,40:60
71,44,0.5849999785423279,200,5,200,default,naive-kmeans,40:60
71,45,0.5849999785423279,200,5,200,default,naive-kmeans,40:60
71,46,0.5849999785423279,200,5,200,default,naive-kmeans,40:60
71,47,0.5849999785423279,200,5,200,default,naive-kmeans,40:60
71,48,0.5849999785423279,200,5,200,default,naive-kmeans,40:60
71,49,0.5849999785423279,200,5,200,default,naive-kmeans,40:60
71,50,0.5849999785423279,200,5,200,default,naive-kmeans,40:60
71,51,0.5849999785423279,200,5,200,default,naive-kmeans,40:60
71,52,0.5849999785423279,200,5,200,default,naive-kmeans,40:60
71,53,0.5849999785423279,200,5,200,default,naive-kmeans,40:60
71,54,0.5849999785423279,200,5,200,default,naive-kmeans,40:60
71,55,0.5849999785423279,200,5,200,default,naive-kmeans,40:60
71,56,0.5849999785423279,200,5,200,default,naive-kmeans,40:60
71,57,0.5849999785423279,200,5,200,default,naive-kmeans,40:60
71,58,0.5849999785423279,200,5,200,default,naive-kmeans,40:60
71,59,0.5849999785423279,200,5,200,default,naive-kmeans,40:60
71,60,0.5849999785423279,200,5,200,default,naive-kmeans,40:60
71,61,0.5849999785423279,200,5,200,default,naive-kmeans,40:60
71,62,0.5849999785423279,200,5,200,default,naive-kmeans,40:60
71,63,0.5849999785423279,200,5,200,default,naive-kmeans,40:60
71,64,0.5849999785423279,200,5,200,default,naive-kmeans,40:60
71,65,0.5849999785423279,200,5,200,default,naive-kmeans,40:60
71,66,0.5849999785423279,200,5,200,default,naive-kmeans,40:60
71,67,0.5849999785423279,200,5,200,default,naive-kmeans,40:60
71,68,0.5849999785423279,200,5,200,default,naive-kmeans,40:60
71,69,0.5849999785423279,200,5,200,default,naive-kmeans,40:60
71,70,0.5849999785423279,200,5,200,default,naive-kmeans,40:60
71,71,0.5849999785423279,200,5,200,default,naive-kmeans,40:60
71,72,0.5849999785423279,200,5,200,default,naive-kmeans,40:60
71,73,0.5849999785423279,200,5,200,default,naive-kmeans,40:60
71,74,0.5849999785423279,200,5,200,default,naive-kmeans,40:60
71,75,0.5849999785423279,200,5,200,default,naive-kmeans,40:60
71,76,0.5849999785423279,200,5,200,default,naive-kmeans,40:60
71,77,0.5849999785423279,200,5,200,default,naive-kmeans,40:60
71,78,0.5849999785423279,200,5,200,default,naive-kmeans,40:60
71,79,0.5849999785423279,200,5,200,default,naive-kmeans,40:60
71,80,0.5849999785423279,200,5,200,default,naive-kmeans,40:60
71,81,0.5849999785423279,200,5,200,default,naive-kmeans,40:60
71,82,0.5849999785423279,200,5,200,default,naive-kmeans,40:60
71,83,0.5849999785423279,200,5,200,default,naive-kmeans,40:60
71,84,0.5849999785423279,200,5,200,default,naive-kmeans,40:60
71,85,0.5849999785423279,200,5,200,default,naive-kmeans,40:60
71,86,0.5849999785423279,200,5,200,default,naive-kmeans,40:60
71,87,0.5849999785423279,200,5,200,default,naive-kmeans,40:60
71,88,0.5849999785423279,200,5,200,default,naive-kmeans,40:60
71,89,0.5849999785423279,200,5,200,default,naive-kmeans,40:60
71,90,0.5849999785423279,200,5,200,default,naive-kmeans,40:60
71,91,0.5849999785423279,200,5,200,default,naive-kmeans,40:60
71,92,0.5849999785423279,200,5,200,default,naive-kmeans,40:60
71,93,0.5849999785423279,200,5,200,default,naive-kmeans,40:60
71,94,0.5849999785423279,200,5,200,default,naive-kmeans,40:60
71,95,0.5849999785423279,200,5,200,default,naive-kmeans,40:60
71,96,0.5849999785423279,200,5,200,default,naive-kmeans,40:60
71,97,0.5849999785423279,200,5,200,default,naive-kmeans,40:60
71,98,0.5849999785423279,200,5,200,default,naive-kmeans,40:60
71,99,0.5849999785423279,200,5,200,default,naive-kmeans,40:60
72,0,0.574999988079071,200,5,200,default,naive-kmeans,40:60
72,1,0.5550000071525574,200,5,200,default,naive-kmeans,40:60
72,2,0.5550000071525574,200,5,200,default,naive-kmeans,40:60
72,3,0.5400000214576721,200,5,200,default,naive-kmeans,40:60
72,4,0.5450000166893005,200,5,200,default,naive-kmeans,40:60
72,5,0.574999988079071,200,5,200,default,naive-kmeans,40:60
72,6,0.550000011920929,200,5,200,default,naive-kmeans,40:60
72,7,0.5450000166893005,200,5,200,default,naive-kmeans,40:60
72,8,0.5600000023841858,200,5,200,default,naive-kmeans,40:60
72,9,0.5299999713897705,200,5,200,default,naive-kmeans,40:60
72,10,0.574999988079071,200,5,200,default,naive-kmeans,40:60
72,11,0.574999988079071,200,5,200,default,naive-kmeans,40:60
72,12,0.574999988079071,200,5,200,default,naive-kmeans,40:60
72,13,0.574999988079071,200,5,200,default,naive-kmeans,40:60
72,14,0.574999988079071,200,5,200,default,naive-kmeans,40:60
72,15,0.574999988079071,200,5,200,default,naive-kmeans,40:60
72,16,0.574999988079071,200,5,200,default,naive-kmeans,40:60
72,17,0.574999988079071,200,5,200,default,naive-kmeans,40:60
72,18,0.574999988079071,200,5,200,default,naive-kmeans,40:60
72,19,0.574999988079071,200,5,200,default,naive-kmeans,40:60
72,20,0.574999988079071,200,5,200,default,naive-kmeans,40:60
72,21,0.574999988079071,200,5,200,default,naive-kmeans,40:60
72,22,0.574999988079071,200,5,200,default,naive-kmeans,40:60
72,23,0.574999988079071,200,5,200,default,naive-kmeans,40:60
72,24,0.574999988079071,200,5,200,default,naive-kmeans,40:60
72,25,0.574999988079071,200,5,200,default,naive-kmeans,40:60
72,26,0.574999988079071,200,5,200,default,naive-kmeans,40:60
72,27,0.574999988079071,200,5,200,default,naive-kmeans,40:60
72,28,0.574999988079071,200,5,200,default,naive-kmeans,40:60
72,29,0.574999988079071,200,5,200,default,naive-kmeans,40:60
72,30,0.574999988079071,200,5,200,default,naive-kmeans,40:60
72,31,0.574999988079071,200,5,200,default,naive-kmeans,40:60
72,32,0.574999988079071,200,5,200,default,naive-kmeans,40:60
72,33,0.574999988079071,200,5,200,default,naive-kmeans,40:60
72,34,0.574999988079071,200,5,200,default,naive-kmeans,40:60
72,35,0.574999988079071,200,5,200,default,naive-kmeans,40:60
72,36,0.574999988079071,200,5,200,default,naive-kmeans,40:60
72,37,0.574999988079071,200,5,200,default,naive-kmeans,40:60
72,38,0.574999988079071,200,5,200,default,naive-kmeans,40:60
72,39,0.574999988079071,200,5,200,default,naive-kmeans,40:60
72,40,0.574999988079071,200,5,200,default,naive-kmeans,40:60
72,41,0.574999988079071,200,5,200,default,naive-kmeans,40:60
72,42,0.574999988079071,200,5,200,default,naive-kmeans,40:60
72,43,0.574999988079071,200,5,200,default,naive-kmeans,40:60
72,44,0.574999988079071,200,5,200,default,naive-kmeans,40:60
72,45,0.574999988079071,200,5,200,default,naive-kmeans,40:60
72,46,0.574999988079071,200,5,200,default,naive-kmeans,40:60
72,47,0.574999988079071,200,5,200,default,naive-kmeans,40:60
72,48,0.574999988079071,200,5,200,default,naive-kmeans,40:60
72,49,0.574999988079071,200,5,200,default,naive-kmeans,40:60
72,50,0.574999988079071,200,5,200,default,naive-kmeans,40:60
72,51,0.574999988079071,200,5,200,default,naive-kmeans,40:60
72,52,0.574999988079071,200,5,200,default,naive-kmeans,40:60
72,53,0.574999988079071,200,5,200,default,naive-kmeans,40:60
72,54,0.574999988079071,200,5,200,default,naive-kmeans,40:60
72,55,0.574999988079071,200,5,200,default,naive-kmeans,40:60
72,56,0.574999988079071,200,5,200,default,naive-kmeans,40:60
72,57,0.574999988079071,200,5,200,default,naive-kmeans,40:60
72,58,0.574999988079071,200,5,200,default,naive-kmeans,40:60
72,59,0.574999988079071,200,5,200,default,naive-kmeans,40:60
72,60,0.574999988079071,200,5,200,default,naive-kmeans,40:60
72,61,0.574999988079071,200,5,200,default,naive-kmeans,40:60
72,62,0.574999988079071,200,5,200,default,naive-kmeans,40:60
72,63,0.574999988079071,200,5,200,default,naive-kmeans,40:60
72,64,0.574999988079071,200,5,200,default,naive-kmeans,40:60
72,65,0.574999988079071,200,5,200,default,naive-kmeans,40:60
72,66,0.574999988079071,200,5,200,default,naive-kmeans,40:60
72,67,0.574999988079071,200,5,200,default,naive-kmeans,40:60
72,68,0.574999988079071,200,5,200,default,naive-kmeans,40:60
72,69,0.574999988079071,200,5,200,default,naive-kmeans,40:60
72,70,0.574999988079071,200,5,200,default,naive-kmeans,40:60
72,71,0.574999988079071,200,5,200,default,naive-kmeans,40:60
72,72,0.574999988079071,200,5,200,default,naive-kmeans,40:60
72,73,0.574999988079071,200,5,200,default,naive-kmeans,40:60
72,74,0.574999988079071,200,5,200,default,naive-kmeans,40:60
72,75,0.574999988079071,200,5,200,default,naive-kmeans,40:60
72,76,0.574999988079071,200,5,200,default,naive-kmeans,40:60
72,77,0.574999988079071,200,5,200,default,naive-kmeans,40:60
72,78,0.574999988079071,200,5,200,default,naive-kmeans,40:60
72,79,0.574999988079071,200,5,200,default,naive-kmeans,40:60
72,80,0.574999988079071,200,5,200,default,naive-kmeans,40:60
72,81,0.574999988079071,200,5,200,default,naive-kmeans,40:60
72,82,0.574999988079071,200,5,200,default,naive-kmeans,40:60
72,83,0.574999988079071,200,5,200,default,naive-kmeans,40:60
72,84,0.574999988079071,200,5,200,default,naive-kmeans,40:60
72,85,0.574999988079071,200,5,200,default,naive-kmeans,40:60
72,86,0.574999988079071,200,5,200,default,naive-kmeans,40:60
72,87,0.574999988079071,200,5,200,default,naive-kmeans,40:60
72,88,0.574999988079071,200,5,200,default,naive-kmeans,40:60
72,89,0.574999988079071,200,5,200,default,naive-kmeans,40:60
72,90,0.574999988079071,200,5,200,default,naive-kmeans,40:60
72,91,0.574999988079071,200,5,200,default,naive-kmeans,40:60
72,92,0.574999988079071,200,5,200,default,naive-kmeans,40:60
72,93,0.574999988079071,200,5,200,default,naive-kmeans,40:60
72,94,0.574999988079071,200,5,200,default,naive-kmeans,40:60
72,95,0.574999988079071,200,5,200,default,naive-kmeans,40:60
72,96,0.574999988079071,200,5,200,default,naive-kmeans,40:60
72,97,0.574999988079071,200,5,200,default,naive-kmeans,40:60
72,98,0.574999988079071,200,5,200,default,naive-kmeans,40:60
72,99,0.574999988079071,200,5,200,default,naive-kmeans,40:60
73,0,0.5400000214576721,200,5,200,default,naive-kmeans,40:60
73,1,0.5199999809265137,200,5,200,default,naive-kmeans,40:60
73,2,0.5450000166893005,200,5,200,default,naive-kmeans,40:60
73,3,0.5450000166893005,200,5,200,default,naive-kmeans,40:60
73,4,0.5099999904632568,200,5,200,default,naive-kmeans,40:60
73,5,0.5249999761581421,200,5,200,default,naive-kmeans,40:60
73,6,0.5400000214576721,200,5,200,default,naive-kmeans,40:60
73,7,0.5450000166893005,200,5,200,default,naive-kmeans,40:60
73,8,0.5350000262260437,200,5,200,default,naive-kmeans,40:60
73,9,0.5400000214576721,200,5,200,default,naive-kmeans,40:60
73,10,0.5400000214576721,200,5,200,default,naive-kmeans,40:60
73,11,0.5699999928474426,200,5,200,default,naive-kmeans,40:60
73,12,0.5249999761581421,200,5,200,default,naive-kmeans,40:60
73,13,0.5699999928474426,200,5,200,default,naive-kmeans,40:60
73,14,0.5699999928474426,200,5,200,default,naive-kmeans,40:60
73,15,0.5699999928474426,200,5,200,default,naive-kmeans,40:60
73,16,0.5699999928474426,200,5,200,default,naive-kmeans,40:60
73,17,0.5699999928474426,200,5,200,default,naive-kmeans,40:60
73,18,0.5699999928474426,200,5,200,default,naive-kmeans,40:60
73,19,0.5699999928474426,200,5,200,default,naive-kmeans,40:60
73,20,0.5699999928474426,200,5,200,default,naive-kmeans,40:60
73,21,0.5699999928474426,200,5,200,default,naive-kmeans,40:60
73,22,0.5699999928474426,200,5,200,default,naive-kmeans,40:60
73,23,0.5699999928474426,200,5,200,default,naive-kmeans,40:60
73,24,0.5699999928474426,200,5,200,default,naive-kmeans,40:60
73,25,0.5699999928474426,200,5,200,default,naive-kmeans,40:60
73,26,0.5699999928474426,200,5,200,default,naive-kmeans,40:60
73,27,0.5699999928474426,200,5,200,default,naive-kmeans,40:60
73,28,0.5699999928474426,200,5,200,default,naive-kmeans,40:60
73,29,0.5699999928474426,200,5,200,default,naive-kmeans,40:60
73,30,0.5699999928474426,200,5,200,default,naive-kmeans,40:60
73,31,0.5699999928474426,200,5,200,default,naive-kmeans,40:60
73,32,0.5699999928474426,200,5,200,default,naive-kmeans,40:60
73,33,0.5699999928474426,200,5,200,default,naive-kmeans,40:60
73,34,0.5699999928474426,200,5,200,default,naive-kmeans,40:60
73,35,0.5699999928474426,200,5,200,default,naive-kmeans,40:60
73,36,0.5699999928474426,200,5,200,default,naive-kmeans,40:60
73,37,0.5699999928474426,200,5,200,default,naive-kmeans,40:60
73,38,0.5699999928474426,200,5,200,default,naive-kmeans,40:60
73,39,0.5699999928474426,200,5,200,default,naive-kmeans,40:60
73,40,0.5699999928474426,200,5,200,default,naive-kmeans,40:60
73,41,0.5699999928474426,200,5,200,default,naive-kmeans,40:60
73,42,0.5699999928474426,200,5,200,default,naive-kmeans,40:60
73,43,0.5699999928474426,200,5,200,default,naive-kmeans,40:60
73,44,0.5699999928474426,200,5,200,default,naive-kmeans,40:60
73,45,0.5699999928474426,200,5,200,default,naive-kmeans,40:60
73,46,0.5699999928474426,200,5,200,default,naive-kmeans,40:60
73,47,0.5699999928474426,200,5,200,default,naive-kmeans,40:60
73,48,0.5699999928474426,200,5,200,default,naive-kmeans,40:60
73,49,0.5699999928474426,200,5,200,default,naive-kmeans,40:60
73,50,0.5699999928474426,200,5,200,default,naive-kmeans,40:60
73,51,0.5699999928474426,200,5,200,default,naive-kmeans,40:60
73,52,0.5699999928474426,200,5,200,default,naive-kmeans,40:60
73,53,0.5699999928474426,200,5,200,default,naive-kmeans,40:60
73,54,0.5699999928474426,200,5,200,default,naive-kmeans,40:60
73,55,0.5699999928474426,200,5,200,default,naive-kmeans,40:60
73,56,0.5699999928474426,200,5,200,default,naive-kmeans,40:60
73,57,0.5699999928474426,200,5,200,default,naive-kmeans,40:60
73,58,0.5699999928474426,200,5,200,default,naive-kmeans,40:60
73,59,0.5699999928474426,200,5,200,default,naive-kmeans,40:60
73,60,0.5699999928474426,200,5,200,default,naive-kmeans,40:60
73,61,0.5699999928474426,200,5,200,default,naive-kmeans,40:60
73,62,0.5699999928474426,200,5,200,default,naive-kmeans,40:60
73,63,0.5699999928474426,200,5,200,default,naive-kmeans,40:60
73,64,0.5699999928474426,200,5,200,default,naive-kmeans,40:60
73,65,0.5699999928474426,200,5,200,default,naive-kmeans,40:60
73,66,0.5699999928474426,200,5,200,default,naive-kmeans,40:60
73,67,0.5699999928474426,200,5,200,default,naive-kmeans,40:60
73,68,0.5699999928474426,200,5,200,default,naive-kmeans,40:60
73,69,0.5699999928474426,200,5,200,default,naive-kmeans,40:60
73,70,0.5699999928474426,200,5,200,default,naive-kmeans,40:60
73,71,0.5699999928474426,200,5,200,default,naive-kmeans,40:60
73,72,0.5699999928474426,200,5,200,default,naive-kmeans,40:60
73,73,0.5699999928474426,200,5,200,default,naive-kmeans,40:60
73,74,0.5699999928474426,200,5,200,default,naive-kmeans,40:60
73,75,0.5699999928474426,200,5,200,default,naive-kmeans,40:60
73,76,0.5699999928474426,200,5,200,default,naive-kmeans,40:60
73,77,0.5699999928474426,200,5,200,default,naive-kmeans,40:60
73,78,0.5699999928474426,200,5,200,default,naive-kmeans,40:60
73,79,0.5699999928474426,200,5,200,default,naive-kmeans,40:60
73,80,0.5699999928474426,200,5,200,default,naive-kmeans,40:60
73,81,0.5699999928474426,200,5,200,default,naive-kmeans,40:60
73,82,0.5699999928474426,200,5,200,default,naive-kmeans,40:60
73,83,0.5699999928474426,200,5,200,default,naive-kmeans,40:60
73,84,0.5699999928474426,200,5,200,default,naive-kmeans,40:60
73,85,0.5699999928474426,200,5,200,default,naive-kmeans,40:60
73,86,0.5699999928474426,200,5,200,default,naive-kmeans,40:60
73,87,0.5699999928474426,200,5,200,default,naive-kmeans,40:60
73,88,0.5699999928474426,200,5,200,default,naive-kmeans,40:60
73,89,0.5699999928474426,200,5,200,default,naive-kmeans,40:60
73,90,0.5699999928474426,200,5,200,default,naive-kmeans,40:60
73,91,0.5699999928474426,200,5,200,default,naive-kmeans,40:60
73,92,0.5699999928474426,200,5,200,default,naive-kmeans,40:60
73,93,0.5699999928474426,200,5,200,default,naive-kmeans,40:60
73,94,0.5699999928474426,200,5,200,default,naive-kmeans,40:60
73,95,0.5699999928474426,200,5,200,default,naive-kmeans,40:60
73,96,0.5699999928474426,200,5,200,default,naive-kmeans,40:60
73,97,0.5699999928474426,200,5,200,default,naive-kmeans,40:60
73,98,0.5699999928474426,200,5,200,default,naive-kmeans,40:60
73,99,0.5699999928474426,200,5,200,default,naive-kmeans,40:60
74,0,0.5550000071525574,200,5,200,default,naive-kmeans,40:60
74,1,0.550000011920929,200,5,200,default,naive-kmeans,40:60
74,2,0.5699999928474426,200,5,200,default,naive-kmeans,40:60
74,3,0.5350000262260437,200,5,200,default,naive-kmeans,40:60
74,4,0.5600000023841858,200,5,200,default,naive-kmeans,40:60
74,5,0.5550000071525574,200,5,200,default,naive-kmeans,40:60
74,6,0.5450000166893005,200,5,200,default,naive-kmeans,40:60
74,7,0.5600000023841858,200,5,200,default,naive-kmeans,40:60
74,8,0.5600000023841858,200,5,200,default,naive-kmeans,40:60
74,9,0.5699999928474426,200,5,200,default,naive-kmeans,40:60
74,10,0.5550000071525574,200,5,200,default,naive-kmeans,40:60
74,11,0.5249999761581421,200,5,200,default,naive-kmeans,40:60
74,12,0.5099999904632568,200,5,200,default,naive-kmeans,40:60
74,13,0.5550000071525574,200,5,200,default,naive-kmeans,40:60
74,14,0.5600000023841858,200,5,200,default,naive-kmeans,40:60
74,15,0.5450000166893005,200,5,200,default,naive-kmeans,40:60
74,16,0.5699999928474426,200,5,200,default,naive-kmeans,40:60
74,17,0.5699999928474426,200,5,200,default,naive-kmeans,40:60
74,18,0.5699999928474426,200,5,200,default,naive-kmeans,40:60
74,19,0.5699999928474426,200,5,200,default,naive-kmeans,40:60
74,20,0.5699999928474426,200,5,200,default,naive-kmeans,40:60
74,21,0.5699999928474426,200,5,200,default,naive-kmeans,40:60
74,22,0.5699999928474426,200,5,200,default,naive-kmeans,40:60
74,23,0.5699999928474426,200,5,200,default,naive-kmeans,40:60
74,24,0.5699999928474426,200,5,200,default,naive-kmeans,40:60
74,25,0.5699999928474426,200,5,200,default,naive-kmeans,40:60
74,26,0.5699999928474426,200,5,200,default,naive-kmeans,40:60
74,27,0.5699999928474426,200,5,200,default,naive-kmeans,40:60
74,28,0.5699999928474426,200,5,200,default,naive-kmeans,40:60
74,29,0.5699999928474426,200,5,200,default,naive-kmeans,40:60
74,30,0.5699999928474426,200,5,200,default,naive-kmeans,40:60
74,31,0.5699999928474426,200,5,200,default,naive-kmeans,40:60
74,32,0.5699999928474426,200,5,200,default,naive-kmeans,40:60
74,33,0.5699999928474426,200,5,200,default,naive-kmeans,40:60
74,34,0.5699999928474426,200,5,200,default,naive-kmeans,40:60
74,35,0.5699999928474426,200,5,200,default,naive-kmeans,40:60
74,36,0.5699999928474426,200,5,200,default,naive-kmeans,40:60
74,37,0.5699999928474426,200,5,200,default,naive-kmeans,40:60
74,38,0.5699999928474426,200,5,200,default,naive-kmeans,40:60
74,39,0.5699999928474426,200,5,200,default,naive-kmeans,40:60
74,40,0.5699999928474426,200,5,200,default,naive-kmeans,40:60
74,41,0.5699999928474426,200,5,200,default,naive-kmeans,40:60
74,42,0.5699999928474426,200,5,200,default,naive-kmeans,40:60
74,43,0.5699999928474426,200,5,200,default,naive-kmeans,40:60
74,44,0.5699999928474426,200,5,200,default,naive-kmeans,40:60
74,45,0.5699999928474426,200,5,200,default,naive-kmeans,40:60
74,46,0.5699999928474426,200,5,200,default,naive-kmeans,40:60
74,47,0.5699999928474426,200,5,200,default,naive-kmeans,40:60
74,48,0.5699999928474426,200,5,200,default,naive-kmeans,40:60
74,49,0.5699999928474426,200,5,200,default,naive-kmeans,40:60
74,50,0.5699999928474426,200,5,200,default,naive-kmeans,40:60
74,51,0.5699999928474426,200,5,200,default,naive-kmeans,40:60
74,52,0.5699999928474426,200,5,200,default,naive-kmeans,40:60
74,53,0.5699999928474426,200,5,200,default,naive-kmeans,40:60
74,54,0.5699999928474426,200,5,200,default,naive-kmeans,40:60
74,55,0.5699999928474426,200,5,200,default,naive-kmeans,40:60
74,56,0.5699999928474426,200,5,200,default,naive-kmeans,40:60
74,57,0.5699999928474426,200,5,200,default,naive-kmeans,40:60
74,58,0.5699999928474426,200,5,200,default,naive-kmeans,40:60
74,59,0.5699999928474426,200,5,200,default,naive-kmeans,40:60
74,60,0.5699999928474426,200,5,200,default,naive-kmeans,40:60
74,61,0.5699999928474426,200,5,200,default,naive-kmeans,40:60
74,62,0.5699999928474426,200,5,200,default,naive-kmeans,40:60
74,63,0.5699999928474426,200,5,200,default,naive-kmeans,40:60
74,64,0.5699999928474426,200,5,200,default,naive-kmeans,40:60
74,65,0.5699999928474426,200,5,200,default,naive-kmeans,40:60
74,66,0.5699999928474426,200,5,200,default,naive-kmeans,40:60
74,67,0.5699999928474426,200,5,200,default,naive-kmeans,40:60
74,68,0.5699999928474426,200,5,200,default,naive-kmeans,40:60
74,69,0.5699999928474426,200,5,200,default,naive-kmeans,40:60
74,70,0.5699999928474426,200,5,200,default,naive-kmeans,40:60
74,71,0.5699999928474426,200,5,200,default,naive-kmeans,40:60
74,72,0.5699999928474426,200,5,200,default,naive-kmeans,40:60
74,73,0.5699999928474426,200,5,200,default,naive-kmeans,40:60
74,74,0.5699999928474426,200,5,200,default,naive-kmeans,40:60
74,75,0.5699999928474426,200,5,200,default,naive-kmeans,40:60
74,76,0.5699999928474426,200,5,200,default,naive-kmeans,40:60
74,77,0.5699999928474426,200,5,200,default,naive-kmeans,40:60
74,78,0.5699999928474426,200,5,200,default,naive-kmeans,40:60
74,79,0.5699999928474426,200,5,200,default,naive-kmeans,40:60
74,80,0.5699999928474426,200,5,200,default,naive-kmeans,40:60
74,81,0.5699999928474426,200,5,200,default,naive-kmeans,40:60
74,82,0.5699999928474426,200,5,200,default,naive-kmeans,40:60
74,83,0.5699999928474426,200,5,200,default,naive-kmeans,40:60
74,84,0.5699999928474426,200,5,200,default,naive-kmeans,40:60
74,85,0.5699999928474426,200,5,200,default,naive-kmeans,40:60
74,86,0.5699999928474426,200,5,200,default,naive-kmeans,40:60
74,87,0.5699999928474426,200,5,200,default,naive-kmeans,40:60
74,88,0.5699999928474426,200,5,200,default,naive-kmeans,40:60
74,89,0.5699999928474426,200,5,200,default,naive-kmeans,40:60
74,90,0.5699999928474426,200,5,200,default,naive-kmeans,40:60
74,91,0.5699999928474426,200,5,200,default,naive-kmeans,40:60
74,92,0.5699999928474426,200,5,200,default,naive-kmeans,40:60
74,93,0.5699999928474426,200,5,200,default,naive-kmeans,40:60
74,94,0.5699999928474426,200,5,200,default,naive-kmeans,40:60
74,95,0.5699999928474426,200,5,200,default,naive-kmeans,40:60
74,96,0.5699999928474426,200,5,200,default,naive-kmeans,40:60
74,97,0.5699999928474426,200,5,200,default,naive-kmeans,40:60
74,98,0.5699999928474426,200,5,200,default,naive-kmeans,40:60
74,99,0.5699999928474426,200,5,200,default,naive-kmeans,40:60
75,0,0.550000011920929,200,5,200,default,naive-kmeans,40:60
75,1,0.5400000214576721,200,5,200,default,naive-kmeans,40:60
75,2,0.5450000166893005,200,5,200,default,naive-kmeans,40:60
75,3,0.5049999952316284,200,5,200,default,naive-kmeans,40:60
75,4,0.5550000071525574,200,5,200,default,naive-kmeans,40:60
75,5,0.5249999761581421,200,5,200,default,naive-kmeans,40:60
75,6,0.4950000047683716,200,5,200,default,naive-kmeans,40:60
75,7,0.5249999761581421,200,5,200,default,naive-kmeans,40:60
75,8,0.5249999761581421,200,5,200,default,naive-kmeans,40:60
75,9,0.5049999952316284,200,5,200,default,naive-kmeans,40:60
75,10,0.5299999713897705,200,5,200,default,naive-kmeans,40:60
75,11,0.5400000214576721,200,5,200,default,naive-kmeans,40:60
75,12,0.5400000214576721,200,5,200,default,naive-kmeans,40:60
75,13,0.5450000166893005,200,5,200,default,naive-kmeans,40:60
75,14,0.5149999856948853,200,5,200,default,naive-kmeans,40:60
75,15,0.5350000262260437,200,5,200,default,naive-kmeans,40:60
75,16,0.5550000071525574,200,5,200,default,naive-kmeans,40:60
75,17,0.5550000071525574,200,5,200,default,naive-kmeans,40:60
75,18,0.5550000071525574,200,5,200,default,naive-kmeans,40:60
75,19,0.5550000071525574,200,5,200,default,naive-kmeans,40:60
75,20,0.5550000071525574,200,5,200,default,naive-kmeans,40:60
75,21,0.5550000071525574,200,5,200,default,naive-kmeans,40:60
75,22,0.5550000071525574,200,5,200,default,naive-kmeans,40:60
75,23,0.5550000071525574,200,5,200,default,naive-kmeans,40:60
75,24,0.5550000071525574,200,5,200,default,naive-kmeans,40:60
75,25,0.5550000071525574,200,5,200,default,naive-kmeans,40:60
75,26,0.5550000071525574,200,5,200,default,naive-kmeans,40:60
75,27,0.5550000071525574,200,5,200,default,naive-kmeans,40:60
75,28,0.5550000071525574,200,5,200,default,naive-kmeans,40:60
75,29,0.5550000071525574,200,5,200,default,naive-kmeans,40:60
75,30,0.5550000071525574,200,5,200,default,naive-kmeans,40:60
75,31,0.5550000071525574,200,5,200,default,naive-kmeans,40:60
75,32,0.5550000071525574,200,5,200,default,naive-kmeans,40:60
75,33,0.5550000071525574,200,5,200,default,naive-kmeans,40:60
75,34,0.5550000071525574,200,5,200,default,naive-kmeans,40:60
75,35,0.5550000071525574,200,5,200,default,naive-kmeans,40:60
75,36,0.5550000071525574,200,5,200,default,naive-kmeans,40:60
75,37,0.5550000071525574,200,5,200,default,naive-kmeans,40:60
75,38,0.5550000071525574,200,5,200,default,naive-kmeans,40:60
75,39,0.5550000071525574,200,5,200,default,naive-kmeans,40:60
75,40,0.5550000071525574,200,5,200,default,naive-kmeans,40:60
75,41,0.5550000071525574,200,5,200,default,naive-kmeans,40:60
75,42,0.5550000071525574,200,5,200,default,naive-kmeans,40:60
75,43,0.5550000071525574,200,5,200,default,naive-kmeans,40:60
75,44,0.5550000071525574,200,5,200,default,naive-kmeans,40:60
75,45,0.5550000071525574,200,5,200,default,naive-kmeans,40:60
75,46,0.5550000071525574,200,5,200,default,naive-kmeans,40:60
75,47,0.5550000071525574,200,5,200,default,naive-kmeans,40:60
75,48,0.5550000071525574,200,5,200,default,naive-kmeans,40:60
75,49,0.5550000071525574,200,5,200,default,naive-kmeans,40:60
75,50,0.5550000071525574,200,5,200,default,naive-kmeans,40:60
75,51,0.5550000071525574,200,5,200,default,naive-kmeans,40:60
75,52,0.5550000071525574,200,5,200,default,naive-kmeans,40:60
75,53,0.5550000071525574,200,5,200,default,naive-kmeans,40:60
75,54,0.5550000071525574,200,5,200,default,naive-kmeans,40:60
75,55,0.5550000071525574,200,5,200,default,naive-kmeans,40:60
75,56,0.5550000071525574,200,5,200,default,naive-kmeans,40:60
75,57,0.5550000071525574,200,5,200,default,naive-kmeans,40:60
75,58,0.5550000071525574,200,5,200,default,naive-kmeans,40:60
75,59,0.5550000071525574,200,5,200,default,naive-kmeans,40:60
75,60,0.5550000071525574,200,5,200,default,naive-kmeans,40:60
75,61,0.5550000071525574,200,5,200,default,naive-kmeans,40:60
75,62,0.5550000071525574,200,5,200,default,naive-kmeans,40:60
75,63,0.5550000071525574,200,5,200,default,naive-kmeans,40:60
75,64,0.5550000071525574,200,5,200,default,naive-kmeans,40:60
75,65,0.5550000071525574,200,5,200,default,naive-kmeans,40:60
75,66,0.5550000071525574,200,5,200,default,naive-kmeans,40:60
75,67,0.5550000071525574,200,5,200,default,naive-kmeans,40:60
75,68,0.5550000071525574,200,5,200,default,naive-kmeans,40:60
75,69,0.5550000071525574,200,5,200,default,naive-kmeans,40:60
75,70,0.5550000071525574,200,5,200,default,naive-kmeans,40:60
75,71,0.5550000071525574,200,5,200,default,naive-kmeans,40:60
75,72,0.5550000071525574,200,5,200,default,naive-kmeans,40:60
75,73,0.5550000071525574,200,5,200,default,naive-kmeans,40:60
75,74,0.5550000071525574,200,5,200,default,naive-kmeans,40:60
75,75,0.5550000071525574,200,5,200,default,naive-kmeans,40:60
75,76,0.5550000071525574,200,5,200,default,naive-kmeans,40:60
75,77,0.5550000071525574,200,5,200,default,naive-kmeans,40:60
75,78,0.5550000071525574,200,5,200,default,naive-kmeans,40:60
75,79,0.5550000071525574,200,5,200,default,naive-kmeans,40:60
75,80,0.5550000071525574,200,5,200,default,naive-kmeans,40:60
75,81,0.5550000071525574,200,5,200,default,naive-kmeans,40:60
75,82,0.5550000071525574,200,5,200,default,naive-kmeans,40:60
75,83,0.5550000071525574,200,5,200,default,naive-kmeans,40:60
75,84,0.5550000071525574,200,5,200,default,naive-kmeans,40:60
75,85,0.5550000071525574,200,5,200,default,naive-kmeans,40:60
75,86,0.5550000071525574,200,5,200,default,naive-kmeans,40:60
75,87,0.5550000071525574,200,5,200,default,naive-kmeans,40:60
75,88,0.5550000071525574,200,5,200,default,naive-kmeans,40:60
75,89,0.5550000071525574,200,5,200,default,naive-kmeans,40:60
75,90,0.5550000071525574,200,5,200,default,naive-kmeans,40:60
75,91,0.5550000071525574,200,5,200,default,naive-kmeans,40:60
75,92,0.5550000071525574,200,5,200,default,naive-kmeans,40:60
75,93,0.5550000071525574,200,5,200,default,naive-kmeans,40:60
75,94,0.5550000071525574,200,5,200,default,naive-kmeans,40:60
75,95,0.5550000071525574,200,5,200,default,naive-kmeans,40:60
75,96,0.5550000071525574,200,5,200,default,naive-kmeans,40:60
75,97,0.5550000071525574,200,5,200,default,naive-kmeans,40:60
75,98,0.5550000071525574,200,5,200,default,naive-kmeans,40:60
75,99,0.5550000071525574,200,5,200,default,naive-kmeans,40:60
76,0,0.5699999928474426,200,5,200,default,naive-kmeans,40:60
76,1,0.5450000166893005,200,5,200,default,naive-kmeans,40:60
76,2,0.5649999976158142,200,5,200,default,naive-kmeans,40:60
76,3,0.5799999833106995,200,5,200,default,naive-kmeans,40:60
76,4,0.5350000262260437,200,5,200,default,naive-kmeans,40:60
76,5,0.5649999976158142,200,5,200,default,naive-kmeans,40:60
76,6,0.5550000071525574,200,5,200,default,naive-kmeans,40:60
76,7,0.5249999761581421,200,5,200,default,naive-kmeans,40:60
76,8,0.5649999976158142,200,5,200,default,naive-kmeans,40:60
76,9,0.550000011920929,200,5,200,default,naive-kmeans,40:60
76,10,0.5450000166893005,200,5,200,default,naive-kmeans,40:60
76,11,0.5450000166893005,200,5,200,default,naive-kmeans,40:60
76,12,0.5550000071525574,200,5,200,default,naive-kmeans,40:60
76,13,0.5649999976158142,200,5,200,default,naive-kmeans,40:60
76,14,0.5600000023841858,200,5,200,default,naive-kmeans,40:60
76,15,0.5799999833106995,200,5,200,default,naive-kmeans,40:60
76,16,0.5799999833106995,200,5,200,default,naive-kmeans,40:60
76,17,0.5799999833106995,200,5,200,default,naive-kmeans,40:60
76,18,0.5799999833106995,200,5,200,default,naive-kmeans,40:60
76,19,0.5799999833106995,200,5,200,default,naive-kmeans,40:60
76,20,0.5799999833106995,200,5,200,default,naive-kmeans,40:60
76,21,0.5799999833106995,200,5,200,default,naive-kmeans,40:60
76,22,0.5799999833106995,200,5,200,default,naive-kmeans,40:60
76,23,0.5799999833106995,200,5,200,default,naive-kmeans,40:60
76,24,0.5799999833106995,200,5,200,default,naive-kmeans,40:60
76,25,0.5799999833106995,200,5,200,default,naive-kmeans,40:60
76,26,0.5799999833106995,200,5,200,default,naive-kmeans,40:60
76,27,0.5799999833106995,200,5,200,default,naive-kmeans,40:60
76,28,0.5799999833106995,200,5,200,default,naive-kmeans,40:60
76,29,0.5799999833106995,200,5,200,default,naive-kmeans,40:60
76,30,0.5799999833106995,200,5,200,default,naive-kmeans,40:60
76,31,0.5799999833106995,200,5,200,default,naive-kmeans,40:60
76,32,0.5799999833106995,200,5,200,default,naive-kmeans,40:60
76,33,0.5799999833106995,200,5,200,default,naive-kmeans,40:60
76,34,0.5799999833106995,200,5,200,default,naive-kmeans,40:60
76,35,0.5799999833106995,200,5,200,default,naive-kmeans,40:60
76,36,0.5799999833106995,200,5,200,default,naive-kmeans,40:60
76,37,0.5799999833106995,200,5,200,default,naive-kmeans,40:60
76,38,0.5799999833106995,200,5,200,default,naive-kmeans,40:60
76,39,0.5799999833106995,200,5,200,default,naive-kmeans,40:60
76,40,0.5799999833106995,200,5,200,default,naive-kmeans,40:60
76,41,0.5799999833106995,200,5,200,default,naive-kmeans,40:60
76,42,0.5799999833106995,200,5,200,default,naive-kmeans,40:60
76,43,0.5799999833106995,200,5,200,default,naive-kmeans,40:60
76,44,0.5799999833106995,200,5,200,default,naive-kmeans,40:60
76,45,0.5799999833106995,200,5,200,default,naive-kmeans,40:60
76,46,0.5799999833106995,200,5,200,default,naive-kmeans,40:60
76,47,0.5799999833106995,200,5,200,default,naive-kmeans,40:60
76,48,0.5799999833106995,200,5,200,default,naive-kmeans,40:60
76,49,0.5799999833106995,200,5,200,default,naive-kmeans,40:60
76,50,0.5799999833106995,200,5,200,default,naive-kmeans,40:60
76,51,0.5799999833106995,200,5,200,default,naive-kmeans,40:60
76,52,0.5799999833106995,200,5,200,default,naive-kmeans,40:60
76,53,0.5799999833106995,200,5,200,default,naive-kmeans,40:60
76,54,0.5799999833106995,200,5,200,default,naive-kmeans,40:60
76,55,0.5799999833106995,200,5,200,default,naive-kmeans,40:60
76,56,0.5799999833106995,200,5,200,default,naive-kmeans,40:60
76,57,0.5799999833106995,200,5,200,default,naive-kmeans,40:60
76,58,0.5799999833106995,200,5,200,default,naive-kmeans,40:60
76,59,0.5799999833106995,200,5,200,default,naive-kmeans,40:60
76,60,0.5799999833106995,200,5,200,default,naive-kmeans,40:60
76,61,0.5799999833106995,200,5,200,default,naive-kmeans,40:60
76,62,0.5799999833106995,200,5,200,default,naive-kmeans,40:60
76,63,0.5799999833106995,200,5,200,default,naive-kmeans,40:60
76,64,0.5799999833106995,200,5,200,default,naive-kmeans,40:60
76,65,0.5799999833106995,200,5,200,default,naive-kmeans,40:60
76,66,0.5799999833106995,200,5,200,default,naive-kmeans,40:60
76,67,0.5799999833106995,200,5,200,default,naive-kmeans,40:60
76,68,0.5799999833106995,200,5,200,default,naive-kmeans,40:60
76,69,0.5799999833106995,200,5,200,default,naive-kmeans,40:60
76,70,0.5799999833106995,200,5,200,default,naive-kmeans,40:60
76,71,0.5799999833106995,200,5,200,default,naive-kmeans,40:60
76,72,0.5799999833106995,200,5,200,default,naive-kmeans,40:60
76,73,0.5799999833106995,200,5,200,default,naive-kmeans,40:60
76,74,0.5799999833106995,200,5,200,default,naive-kmeans,40:60
76,75,0.5799999833106995,200,5,200,default,naive-kmeans,40:60
76,76,0.5799999833106995,200,5,200,default,naive-kmeans,40:60
76,77,0.5799999833106995,200,5,200,default,naive-kmeans,40:60
76,78,0.5799999833106995,200,5,200,default,naive-kmeans,40:60
76,79,0.5799999833106995,200,5,200,default,naive-kmeans,40:60
76,80,0.5799999833106995,200,5,200,default,naive-kmeans,40:60
76,81,0.5799999833106995,200,5,200,default,naive-kmeans,40:60
76,82,0.5799999833106995,200,5,200,default,naive-kmeans,40:60
76,83,0.5799999833106995,200,5,200,default,naive-kmeans,40:60
76,84,0.5799999833106995,200,5,200,default,naive-kmeans,40:60
76,85,0.5799999833106995,200,5,200,default,naive-kmeans,40:60
76,86,0.5799999833106995,200,5,200,default,naive-kmeans,40:60
76,87,0.5799999833106995,200,5,200,default,naive-kmeans,40:60
76,88,0.5799999833106995,200,5,200,default,naive-kmeans,40:60
76,89,0.5799999833106995,200,5,200,default,naive-kmeans,40:60
76,90,0.5799999833106995,200,5,200,default,naive-kmeans,40:60
76,91,0.5799999833106995,200,5,200,default,naive-kmeans,40:60
76,92,0.5799999833106995,200,5,200,default,naive-kmeans,40:60
76,93,0.5799999833106995,200,5,200,default,naive-kmeans,40:60
76,94,0.5799999833106995,200,5,200,default,naive-kmeans,40:60
76,95,0.5799999833106995,200,5,200,default,naive-kmeans,40:60
76,96,0.5799999833106995,200,5,200,default,naive-kmeans,40:60
76,97,0.5799999833106995,200,5,200,default,naive-kmeans,40:60
76,98,0.5799999833106995,200,5,200,default,naive-kmeans,40:60
76,99,0.5799999833106995,200,5,200,default,naive-kmeans,40:60
77,0,0.5249999761581421,200,5,200,default,naive-kmeans,40:60
77,1,0.5149999856948853,200,5,200,default,naive-kmeans,40:60
77,2,0.550000011920929,200,5,200,default,naive-kmeans,40:60
77,3,0.550000011920929,200,5,200,default,naive-kmeans,40:60
77,4,0.5600000023841858,200,5,200,default,naive-kmeans,40:60
77,5,0.5400000214576721,200,5,200,default,naive-kmeans,40:60
77,6,0.550000011920929,200,5,200,default,naive-kmeans,40:60
77,7,0.5149999856948853,200,5,200,default,naive-kmeans,40:60
77,8,0.5450000166893005,200,5,200,default,naive-kmeans,40:60
77,9,0.5600000023841858,200,5,200,default,naive-kmeans,40:60
77,10,0.5600000023841858,200,5,200,default,naive-kmeans,40:60
77,11,0.5600000023841858,200,5,200,default,naive-kmeans,40:60
77,12,0.5600000023841858,200,5,200,default,naive-kmeans,40:60
77,13,0.5600000023841858,200,5,200,default,naive-kmeans,40:60
77,14,0.5600000023841858,200,5,200,default,naive-kmeans,40:60
77,15,0.5600000023841858,200,5,200,default,naive-kmeans,40:60
77,16,0.5600000023841858,200,5,200,default,naive-kmeans,40:60
77,17,0.5600000023841858,200,5,200,default,naive-kmeans,40:60
77,18,0.5600000023841858,200,5,200,default,naive-kmeans,40:60
77,19,0.5600000023841858,200,5,200,default,naive-kmeans,40:60
77,20,0.5600000023841858,200,5,200,default,naive-kmeans,40:60
77,21,0.5600000023841858,200,5,200,default,naive-kmeans,40:60
77,22,0.5600000023841858,200,5,200,default,naive-kmeans,40:60
77,23,0.5600000023841858,200,5,200,default,naive-kmeans,40:60
77,24,0.5600000023841858,200,5,200,default,naive-kmeans,40:60
77,25,0.5600000023841858,200,5,200,default,naive-kmeans,40:60
77,26,0.5600000023841858,200,5,200,default,naive-kmeans,40:60
77,27,0.5600000023841858,200,5,200,default,naive-kmeans,40:60
77,28,0.5600000023841858,200,5,200,default,naive-kmeans,40:60
77,29,0.5600000023841858,200,5,200,default,naive-kmeans,40:60
77,30,0.5600000023841858,200,5,200,default,naive-kmeans,40:60
77,31,0.5600000023841858,200,5,200,default,naive-kmeans,40:60
77,32,0.5600000023841858,200,5,200,default,naive-kmeans,40:60
77,33,0.5600000023841858,200,5,200,default,naive-kmeans,40:60
77,34,0.5600000023841858,200,5,200,default,naive-kmeans,40:60
77,35,0.5600000023841858,200,5,200,default,naive-kmeans,40:60
77,36,0.5600000023841858,200,5,200,default,naive-kmeans,40:60
77,37,0.5600000023841858,200,5,200,default,naive-kmeans,40:60
77,38,0.5600000023841858,200,5,200,default,naive-kmeans,40:60
77,39,0.5600000023841858,200,5,200,default,naive-kmeans,40:60
77,40,0.5600000023841858,200,5,200,default,naive-kmeans,40:60
77,41,0.5600000023841858,200,5,200,default,naive-kmeans,40:60
77,42,0.5600000023841858,200,5,200,default,naive-kmeans,40:60
77,43,0.5600000023841858,200,5,200,default,naive-kmeans,40:60
77,44,0.5600000023841858,200,5,200,default,naive-kmeans,40:60
77,45,0.5600000023841858,200,5,200,default,naive-kmeans,40:60
77,46,0.5600000023841858,200,5,200,default,naive-kmeans,40:60
77,47,0.5600000023841858,200,5,200,default,naive-kmeans,40:60
77,48,0.5600000023841858,200,5,200,default,naive-kmeans,40:60
77,49,0.5600000023841858,200,5,200,default,naive-kmeans,40:60
77,50,0.5600000023841858,200,5,200,default,naive-kmeans,40:60
77,51,0.5600000023841858,200,5,200,default,naive-kmeans,40:60
77,52,0.5600000023841858,200,5,200,default,naive-kmeans,40:60
77,53,0.5600000023841858,200,5,200,default,naive-kmeans,40:60
77,54,0.5600000023841858,200,5,200,default,naive-kmeans,40:60
77,55,0.5600000023841858,200,5,200,default,naive-kmeans,40:60
77,56,0.5600000023841858,200,5,200,default,naive-kmeans,40:60
77,57,0.5600000023841858,200,5,200,default,naive-kmeans,40:60
77,58,0.5600000023841858,200,5,200,default,naive-kmeans,40:60
77,59,0.5600000023841858,200,5,200,default,naive-kmeans,40:60
77,60,0.5600000023841858,200,5,200,default,naive-kmeans,40:60
77,61,0.5600000023841858,200,5,200,default,naive-kmeans,40:60
77,62,0.5600000023841858,200,5,200,default,naive-kmeans,40:60
77,63,0.5600000023841858,200,5,200,default,naive-kmeans,40:60
77,64,0.5600000023841858,200,5,200,default,naive-kmeans,40:60
77,65,0.5600000023841858,200,5,200,default,naive-kmeans,40:60
77,66,0.5600000023841858,200,5,200,default,naive-kmeans,40:60
77,67,0.5600000023841858,200,5,200,default,naive-kmeans,40:60
77,68,0.5600000023841858,200,5,200,default,naive-kmeans,40:60
77,69,0.5600000023841858,200,5,200,default,naive-kmeans,40:60
77,70,0.5600000023841858,200,5,200,default,naive-kmeans,40:60
77,71,0.5600000023841858,200,5,200,default,naive-kmeans,40:60
77,72,0.5600000023841858,200,5,200,default,naive-kmeans,40:60
77,73,0.5600000023841858,200,5,200,default,naive-kmeans,40:60
77,74,0.5600000023841858,200,5,200,default,naive-kmeans,40:60
77,75,0.5600000023841858,200,5,200,default,naive-kmeans,40:60
77,76,0.5600000023841858,200,5,200,default,naive-kmeans,40:60
77,77,0.5600000023841858,200,5,200,default,naive-kmeans,40:60
77,78,0.5600000023841858,200,5,200,default,naive-kmeans,40:60
77,79,0.5600000023841858,200,5,200,default,naive-kmeans,40:60
77,80,0.5600000023841858,200,5,200,default,naive-kmeans,40:60
77,81,0.5600000023841858,200,5,200,default,naive-kmeans,40:60
77,82,0.5600000023841858,200,5,200,default,naive-kmeans,40:60
77,83,0.5600000023841858,200,5,200,default,naive-kmeans,40:60
77,84,0.5600000023841858,200,5,200,default,naive-kmeans,40:60
77,85,0.5600000023841858,200,5,200,default,naive-kmeans,40:60
77,86,0.5600000023841858,200,5,200,default,naive-kmeans,40:60
77,87,0.5600000023841858,200,5,200,default,naive-kmeans,40:60
77,88,0.5600000023841858,200,5,200,default,naive-kmeans,40:60
77,89,0.5600000023841858,200,5,200,default,naive-kmeans,40:60
77,90,0.5600000023841858,200,5,200,default,naive-kmeans,40:60
77,91,0.5600000023841858,200,5,200,default,naive-kmeans,40:60
77,92,0.5600000023841858,200,5,200,default,naive-kmeans,40:60
77,93,0.5600000023841858,200,5,200,default,naive-kmeans,40:60
77,94,0.5600000023841858,200,5,200,default,naive-kmeans,40:60
77,95,0.5600000023841858,200,5,200,default,naive-kmeans,40:60
77,96,0.5600000023841858,200,5,200,default,naive-kmeans,40:60
77,97,0.5600000023841858,200,5,200,default,naive-kmeans,40:60
77,98,0.5600000023841858,200,5,200,default,naive-kmeans,40:60
77,99,0.5600000023841858,200,5,200,default,naive-kmeans,40:60
78,0,0.5049999952316284,200,5,200,default,naive-kmeans,40:60
78,1,0.4950000047683716,200,5,200,default,naive-kmeans,40:60
78,2,0.5099999904632568,200,5,200,default,naive-kmeans,40:60
78,3,0.5350000262260437,200,5,200,default,naive-kmeans,40:60
78,4,0.5,200,5,200,default,naive-kmeans,40:60
78,5,0.5099999904632568,200,5,200,default,naive-kmeans,40:60
78,6,0.5249999761581421,200,5,200,default,naive-kmeans,40:60
78,7,0.5199999809265137,200,5,200,default,naive-kmeans,40:60
78,8,0.5099999904632568,200,5,200,default,naive-kmeans,40:60
78,9,0.5350000262260437,200,5,200,default,naive-kmeans,40:60
78,10,0.5350000262260437,200,5,200,default,naive-kmeans,40:60
78,11,0.5350000262260437,200,5,200,default,naive-kmeans,40:60
78,12,0.5350000262260437,200,5,200,default,naive-kmeans,40:60
78,13,0.5350000262260437,200,5,200,default,naive-kmeans,40:60
78,14,0.5350000262260437,200,5,200,default,naive-kmeans,40:60
78,15,0.5350000262260437,200,5,200,default,naive-kmeans,40:60
78,16,0.5350000262260437,200,5,200,default,naive-kmeans,40:60
78,17,0.5350000262260437,200,5,200,default,naive-kmeans,40:60
78,18,0.5350000262260437,200,5,200,default,naive-kmeans,40:60
78,19,0.5350000262260437,200,5,200,default,naive-kmeans,40:60
78,20,0.5350000262260437,200,5,200,default,naive-kmeans,40:60
78,21,0.5350000262260437,200,5,200,default,naive-kmeans,40:60
78,22,0.5350000262260437,200,5,200,default,naive-kmeans,40:60
78,23,0.5350000262260437,200,5,200,default,naive-kmeans,40:60
78,24,0.5350000262260437,200,5,200,default,naive-kmeans,40:60
78,25,0.5350000262260437,200,5,200,default,naive-kmeans,40:60
78,26,0.5350000262260437,200,5,200,default,naive-kmeans,40:60
78,27,0.5350000262260437,200,5,200,default,naive-kmeans,40:60
78,28,0.5350000262260437,200,5,200,default,naive-kmeans,40:60
78,29,0.5350000262260437,200,5,200,default,naive-kmeans,40:60
78,30,0.5350000262260437,200,5,200,default,naive-kmeans,40:60
78,31,0.5350000262260437,200,5,200,default,naive-kmeans,40:60
78,32,0.5350000262260437,200,5,200,default,naive-kmeans,40:60
78,33,0.5350000262260437,200,5,200,default,naive-kmeans,40:60
78,34,0.5350000262260437,200,5,200,default,naive-kmeans,40:60
78,35,0.5350000262260437,200,5,200,default,naive-kmeans,40:60
78,36,0.5350000262260437,200,5,200,default,naive-kmeans,40:60
78,37,0.5350000262260437,200,5,200,default,naive-kmeans,40:60
78,38,0.5350000262260437,200,5,200,default,naive-kmeans,40:60
78,39,0.5350000262260437,200,5,200,default,naive-kmeans,40:60
78,40,0.5350000262260437,200,5,200,default,naive-kmeans,40:60
78,41,0.5350000262260437,200,5,200,default,naive-kmeans,40:60
78,42,0.5350000262260437,200,5,200,default,naive-kmeans,40:60
78,43,0.5350000262260437,200,5,200,default,naive-kmeans,40:60
78,44,0.5350000262260437,200,5,200,default,naive-kmeans,40:60
78,45,0.5350000262260437,200,5,200,default,naive-kmeans,40:60
78,46,0.5350000262260437,200,5,200,default,naive-kmeans,40:60
78,47,0.5350000262260437,200,5,200,default,naive-kmeans,40:60
78,48,0.5350000262260437,200,5,200,default,naive-kmeans,40:60
78,49,0.5350000262260437,200,5,200,default,naive-kmeans,40:60
78,50,0.5350000262260437,200,5,200,default,naive-kmeans,40:60
78,51,0.5350000262260437,200,5,200,default,naive-kmeans,40:60
78,52,0.5350000262260437,200,5,200,default,naive-kmeans,40:60
78,53,0.5350000262260437,200,5,200,default,naive-kmeans,40:60
78,54,0.5350000262260437,200,5,200,default,naive-kmeans,40:60
78,55,0.5350000262260437,200,5,200,default,naive-kmeans,40:60
78,56,0.5350000262260437,200,5,200,default,naive-kmeans,40:60
78,57,0.5350000262260437,200,5,200,default,naive-kmeans,40:60
78,58,0.5350000262260437,200,5,200,default,naive-kmeans,40:60
78,59,0.5350000262260437,200,5,200,default,naive-kmeans,40:60
78,60,0.5350000262260437,200,5,200,default,naive-kmeans,40:60
78,61,0.5350000262260437,200,5,200,default,naive-kmeans,40:60
78,62,0.5350000262260437,200,5,200,default,naive-kmeans,40:60
78,63,0.5350000262260437,200,5,200,default,naive-kmeans,40:60
78,64,0.5350000262260437,200,5,200,default,naive-kmeans,40:60
78,65,0.5350000262260437,200,5,200,default,naive-kmeans,40:60
78,66,0.5350000262260437,200,5,200,default,naive-kmeans,40:60
78,67,0.5350000262260437,200,5,200,default,naive-kmeans,40:60
78,68,0.5350000262260437,200,5,200,default,naive-kmeans,40:60
78,69,0.5350000262260437,200,5,200,default,naive-kmeans,40:60
78,70,0.5350000262260437,200,5,200,default,naive-kmeans,40:60
78,71,0.5350000262260437,200,5,200,default,naive-kmeans,40:60
78,72,0.5350000262260437,200,5,200,default,naive-kmeans,40:60
78,73,0.5350000262260437,200,5,200,default,naive-kmeans,40:60
78,74,0.5350000262260437,200,5,200,default,naive-kmeans,40:60
78,75,0.5350000262260437,200,5,200,default,naive-kmeans,40:60
78,76,0.5350000262260437,200,5,200,default,naive-kmeans,40:60
78,77,0.5350000262260437,200,5,200,default,naive-kmeans,40:60
78,78,0.5350000262260437,200,5,200,default,naive-kmeans,40:60
78,79,0.5350000262260437,200,5,200,default,naive-kmeans,40:60
78,80,0.5350000262260437,200,5,200,default,naive-kmeans,40:60
78,81,0.5350000262260437,200,5,200,default,naive-kmeans,40:60
78,82,0.5350000262260437,200,5,200,default,naive-kmeans,40:60
78,83,0.5350000262260437,200,5,200,default,naive-kmeans,40:60
78,84,0.5350000262260437,200,5,200,default,naive-kmeans,40:60
78,85,0.5350000262260437,200,5,200,default,naive-kmeans,40:60
78,86,0.5350000262260437,200,5,200,default,naive-kmeans,40:60
78,87,0.5350000262260437,200,5,200,default,naive-kmeans,40:60
78,88,0.5350000262260437,200,5,200,default,naive-kmeans,40:60
78,89,0.5350000262260437,200,5,200,default,naive-kmeans,40:60
78,90,0.5350000262260437,200,5,200,default,naive-kmeans,40:60
78,91,0.5350000262260437,200,5,200,default,naive-kmeans,40:60
78,92,0.5350000262260437,200,5,200,default,naive-kmeans,40:60
78,93,0.5350000262260437,200,5,200,default,naive-kmeans,40:60
78,94,0.5350000262260437,200,5,200,default,naive-kmeans,40:60
78,95,0.5350000262260437,200,5,200,default,naive-kmeans,40:60
78,96,0.5350000262260437,200,5,200,default,naive-kmeans,40:60
78,97,0.5350000262260437,200,5,200,default,naive-kmeans,40:60
78,98,0.5350000262260437,200,5,200,default,naive-kmeans,40:60
78,99,0.5350000262260437,200,5,200,default,naive-kmeans,40:60
79,0,0.5849999785423279,200,5,200,default,naive-kmeans,40:60
79,1,0.5400000214576721,200,5,200,default,naive-kmeans,40:60
79,2,0.5350000262260437,200,5,200,default,naive-kmeans,40:60
79,3,0.5299999713897705,200,5,200,default,naive-kmeans,40:60
79,4,0.5350000262260437,200,5,200,default,naive-kmeans,40:60
79,5,0.5400000214576721,200,5,200,default,naive-kmeans,40:60
79,6,0.5849999785423279,200,5,200,default,naive-kmeans,40:60
79,7,0.5849999785423279,200,5,200,default,naive-kmeans,40:60
79,8,0.5799999833106995,200,5,200,default,naive-kmeans,40:60
79,9,0.5049999952316284,200,5,200,default,naive-kmeans,40:60
79,10,0.5350000262260437,200,5,200,default,naive-kmeans,40:60
79,11,0.5849999785423279,200,5,200,default,naive-kmeans,40:60
79,12,0.5849999785423279,200,5,200,default,naive-kmeans,40:60
79,13,0.5849999785423279,200,5,200,default,naive-kmeans,40:60
79,14,0.5849999785423279,200,5,200,default,naive-kmeans,40:60
79,15,0.5849999785423279,200,5,200,default,naive-kmeans,40:60
79,16,0.5849999785423279,200,5,200,default,naive-kmeans,40:60
79,17,0.5849999785423279,200,5,200,default,naive-kmeans,40:60
79,18,0.5849999785423279,200,5,200,default,naive-kmeans,40:60
79,19,0.5849999785423279,200,5,200,default,naive-kmeans,40:60
79,20,0.5849999785423279,200,5,200,default,naive-kmeans,40:60
79,21,0.5849999785423279,200,5,200,default,naive-kmeans,40:60
79,22,0.5849999785423279,200,5,200,default,naive-kmeans,40:60
79,23,0.5849999785423279,200,5,200,default,naive-kmeans,40:60
79,24,0.5849999785423279,200,5,200,default,naive-kmeans,40:60
79,25,0.5849999785423279,200,5,200,default,naive-kmeans,40:60
79,26,0.5849999785423279,200,5,200,default,naive-kmeans,40:60
79,27,0.5849999785423279,200,5,200,default,naive-kmeans,40:60
79,28,0.5849999785423279,200,5,200,default,naive-kmeans,40:60
79,29,0.5849999785423279,200,5,200,default,naive-kmeans,40:60
79,30,0.5849999785423279,200,5,200,default,naive-kmeans,40:60
79,31,0.5849999785423279,200,5,200,default,naive-kmeans,40:60
79,32,0.5849999785423279,200,5,200,default,naive-kmeans,40:60
79,33,0.5849999785423279,200,5,200,default,naive-kmeans,40:60
79,34,0.5849999785423279,200,5,200,default,naive-kmeans,40:60
79,35,0.5849999785423279,200,5,200,default,naive-kmeans,40:60
79,36,0.5849999785423279,200,5,200,default,naive-kmeans,40:60
79,37,0.5849999785423279,200,5,200,default,naive-kmeans,40:60
79,38,0.5849999785423279,200,5,200,default,naive-kmeans,40:60
79,39,0.5849999785423279,200,5,200,default,naive-kmeans,40:60
79,40,0.5849999785423279,200,5,200,default,naive-kmeans,40:60
79,41,0.5849999785423279,200,5,200,default,naive-kmeans,40:60
79,42,0.5849999785423279,200,5,200,default,naive-kmeans,40:60
79,43,0.5849999785423279,200,5,200,default,naive-kmeans,40:60
79,44,0.5849999785423279,200,5,200,default,naive-kmeans,40:60
79,45,0.5849999785423279,200,5,200,default,naive-kmeans,40:60
79,46,0.5849999785423279,200,5,200,default,naive-kmeans,40:60
79,47,0.5849999785423279,200,5,200,default,naive-kmeans,40:60
79,48,0.5849999785423279,200,5,200,default,naive-kmeans,40:60
79,49,0.5849999785423279,200,5,200,default,naive-kmeans,40:60
79,50,0.5849999785423279,200,5,200,default,naive-kmeans,40:60
79,51,0.5849999785423279,200,5,200,default,naive-kmeans,40:60
79,52,0.5849999785423279,200,5,200,default,naive-kmeans,40:60
79,53,0.5849999785423279,200,5,200,default,naive-kmeans,40:60
79,54,0.5849999785423279,200,5,200,default,naive-kmeans,40:60
79,55,0.5849999785423279,200,5,200,default,naive-kmeans,40:60
79,56,0.5849999785423279,200,5,200,default,naive-kmeans,40:60
79,57,0.5849999785423279,200,5,200,default,naive-kmeans,40:60
79,58,0.5849999785423279,200,5,200,default,naive-kmeans,40:60
79,59,0.5849999785423279,200,5,200,default,naive-kmeans,40:60
79,60,0.5849999785423279,200,5,200,default,naive-kmeans,40:60
79,61,0.5849999785423279,200,5,200,default,naive-kmeans,40:60
79,62,0.5849999785423279,200,5,200,default,naive-kmeans,40:60
79,63,0.5849999785423279,200,5,200,default,naive-kmeans,40:60
79,64,0.5849999785423279,200,5,200,default,naive-kmeans,40:60
79,65,0.5849999785423279,200,5,200,default,naive-kmeans,40:60
79,66,0.5849999785423279,200,5,200,default,naive-kmeans,40:60
79,67,0.5849999785423279,200,5,200,default,naive-kmeans,40:60
79,68,0.5849999785423279,200,5,200,default,naive-kmeans,40:60
79,69,0.5849999785423279,200,5,200,default,naive-kmeans,40:60
79,70,0.5849999785423279,200,5,200,default,naive-kmeans,40:60
79,71,0.5849999785423279,200,5,200,default,naive-kmeans,40:60
79,72,0.5849999785423279,200,5,200,default,naive-kmeans,40:60
79,73,0.5849999785423279,200,5,200,default,naive-kmeans,40:60
79,74,0.5849999785423279,200,5,200,default,naive-kmeans,40:60
79,75,0.5849999785423279,200,5,200,default,naive-kmeans,40:60
79,76,0.5849999785423279,200,5,200,default,naive-kmeans,40:60
79,77,0.5849999785423279,200,5,200,default,naive-kmeans,40:60
79,78,0.5849999785423279,200,5,200,default,naive-kmeans,40:60
79,79,0.5849999785423279,200,5,200,default,naive-kmeans,40:60
79,80,0.5849999785423279,200,5,200,default,naive-kmeans,40:60
79,81,0.5849999785423279,200,5,200,default,naive-kmeans,40:60
79,82,0.5849999785423279,200,5,200,default,naive-kmeans,40:60
79,83,0.5849999785423279,200,5,200,default,naive-kmeans,40:60
79,84,0.5849999785423279,200,5,200,default,naive-kmeans,40:60
79,85,0.5849999785423279,200,5,200,default,naive-kmeans,40:60
79,86,0.5849999785423279,200,5,200,default,naive-kmeans,40:60
79,87,0.5849999785423279,200,5,200,default,naive-kmeans,40:60
79,88,0.5849999785423279,200,5,200,default,naive-kmeans,40:60
79,89,0.5849999785423279,200,5,200,default,naive-kmeans,40:60
79,90,0.5849999785423279,200,5,200,default,naive-kmeans,40:60
79,91,0.5849999785423279,200,5,200,default,naive-kmeans,40:60
79,92,0.5849999785423279,200,5,200,default,naive-kmeans,40:60
79,93,0.5849999785423279,200,5,200,default,naive-kmeans,40:60
79,94,0.5849999785423279,200,5,200,default,naive-kmeans,40:60
79,95,0.5849999785423279,200,5,200,default,naive-kmeans,40:60
79,96,0.5849999785423279,200,5,200,default,naive-kmeans,40:60
79,97,0.5849999785423279,200,5,200,default,naive-kmeans,40:60
79,98,0.5849999785423279,200,5,200,default,naive-kmeans,40:60
79,99,0.5849999785423279,200,5,200,default,naive-kmeans,40:60
80,0,0.550000011920929,200,5,200,default,naive-kmeans,40:60
80,1,0.5699999928474426,200,5,200,default,naive-kmeans,40:60
80,2,0.550000011920929,200,5,200,default,naive-kmeans,40:60
80,3,0.5400000214576721,200,5,200,default,naive-kmeans,40:60
80,4,0.550000011920929,200,5,200,default,naive-kmeans,40:60
80,5,0.5299999713897705,200,5,200,default,naive-kmeans,40:60
80,6,0.5400000214576721,200,5,200,default,naive-kmeans,40:60
80,7,0.5649999976158142,200,5,200,default,naive-kmeans,40:60
80,8,0.5199999809265137,200,5,200,default,naive-kmeans,40:60
80,9,0.550000011920929,200,5,200,default,naive-kmeans,40:60
80,10,0.5550000071525574,200,5,200,default,naive-kmeans,40:60
80,11,0.5699999928474426,200,5,200,default,naive-kmeans,40:60
80,12,0.5450000166893005,200,5,200,default,naive-kmeans,40:60
80,13,0.550000011920929,200,5,200,default,naive-kmeans,40:60
80,14,0.5299999713897705,200,5,200,default,naive-kmeans,40:60
80,15,0.5249999761581421,200,5,200,default,naive-kmeans,40:60
80,16,0.574999988079071,200,5,200,default,naive-kmeans,40:60
80,17,0.5649999976158142,200,5,200,default,naive-kmeans,40:60
80,18,0.5649999976158142,200,5,200,default,naive-kmeans,40:60
80,19,0.574999988079071,200,5,200,default,naive-kmeans,40:60
80,20,0.574999988079071,200,5,200,default,naive-kmeans,40:60
80,21,0.574999988079071,200,5,200,default,naive-kmeans,40:60
80,22,0.574999988079071,200,5,200,default,naive-kmeans,40:60
80,23,0.574999988079071,200,5,200,default,naive-kmeans,40:60
80,24,0.574999988079071,200,5,200,default,naive-kmeans,40:60
80,25,0.574999988079071,200,5,200,default,naive-kmeans,40:60
80,26,0.574999988079071,200,5,200,default,naive-kmeans,40:60
80,27,0.574999988079071,200,5,200,default,naive-kmeans,40:60
80,28,0.574999988079071,200,5,200,default,naive-kmeans,40:60
80,29,0.574999988079071,200,5,200,default,naive-kmeans,40:60
80,30,0.574999988079071,200,5,200,default,naive-kmeans,40:60
80,31,0.574999988079071,200,5,200,default,naive-kmeans,40:60
80,32,0.574999988079071,200,5,200,default,naive-kmeans,40:60
80,33,0.574999988079071,200,5,200,default,naive-kmeans,40:60
80,34,0.574999988079071,200,5,200,default,naive-kmeans,40:60
80,35,0.574999988079071,200,5,200,default,naive-kmeans,40:60
80,36,0.574999988079071,200,5,200,default,naive-kmeans,40:60
80,37,0.574999988079071,200,5,200,default,naive-kmeans,40:60
80,38,0.574999988079071,200,5,200,default,naive-kmeans,40:60
80,39,0.574999988079071,200,5,200,default,naive-kmeans,40:60
80,40,0.574999988079071,200,5,200,default,naive-kmeans,40:60
80,41,0.574999988079071,200,5,200,default,naive-kmeans,40:60
80,42,0.574999988079071,200,5,200,default,naive-kmeans,40:60
80,43,0.574999988079071,200,5,200,default,naive-kmeans,40:60
80,44,0.574999988079071,200,5,200,default,naive-kmeans,40:60
80,45,0.574999988079071,200,5,200,default,naive-kmeans,40:60
80,46,0.574999988079071,200,5,200,default,naive-kmeans,40:60
80,47,0.574999988079071,200,5,200,default,naive-kmeans,40:60
80,48,0.574999988079071,200,5,200,default,naive-kmeans,40:60
80,49,0.574999988079071,200,5,200,default,naive-kmeans,40:60
80,50,0.574999988079071,200,5,200,default,naive-kmeans,40:60
80,51,0.574999988079071,200,5,200,default,naive-kmeans,40:60
80,52,0.574999988079071,200,5,200,default,naive-kmeans,40:60
80,53,0.574999988079071,200,5,200,default,naive-kmeans,40:60
80,54,0.574999988079071,200,5,200,default,naive-kmeans,40:60
80,55,0.574999988079071,200,5,200,default,naive-kmeans,40:60
80,56,0.574999988079071,200,5,200,default,naive-kmeans,40:60
80,57,0.574999988079071,200,5,200,default,naive-kmeans,40:60
80,58,0.574999988079071,200,5,200,default,naive-kmeans,40:60
80,59,0.574999988079071,200,5,200,default,naive-kmeans,40:60
80,60,0.574999988079071,200,5,200,default,naive-kmeans,40:60
80,61,0.574999988079071,200,5,200,default,naive-kmeans,40:60
80,62,0.574999988079071,200,5,200,default,naive-kmeans,40:60
80,63,0.574999988079071,200,5,200,default,naive-kmeans,40:60
80,64,0.574999988079071,200,5,200,default,naive-kmeans,40:60
80,65,0.574999988079071,200,5,200,default,naive-kmeans,40:60
80,66,0.574999988079071,200,5,200,default,naive-kmeans,40:60
80,67,0.574999988079071,200,5,200,default,naive-kmeans,40:60
80,68,0.574999988079071,200,5,200,default,naive-kmeans,40:60
80,69,0.574999988079071,200,5,200,default,naive-kmeans,40:60
80,70,0.574999988079071,200,5,200,default,naive-kmeans,40:60
80,71,0.574999988079071,200,5,200,default,naive-kmeans,40:60
80,72,0.574999988079071,200,5,200,default,naive-kmeans,40:60
80,73,0.574999988079071,200,5,200,default,naive-kmeans,40:60
80,74,0.574999988079071,200,5,200,default,naive-kmeans,40:60
80,75,0.574999988079071,200,5,200,default,naive-kmeans,40:60
80,76,0.574999988079071,200,5,200,default,naive-kmeans,40:60
80,77,0.574999988079071,200,5,200,default,naive-kmeans,40:60
80,78,0.574999988079071,200,5,200,default,naive-kmeans,40:60
80,79,0.574999988079071,200,5,200,default,naive-kmeans,40:60
80,80,0.574999988079071,200,5,200,default,naive-kmeans,40:60
80,81,0.574999988079071,200,5,200,default,naive-kmeans,40:60
80,82,0.574999988079071,200,5,200,default,naive-kmeans,40:60
80,83,0.574999988079071,200,5,200,default,naive-kmeans,40:60
80,84,0.574999988079071,200,5,200,default,naive-kmeans,40:60
80,85,0.574999988079071,200,5,200,default,naive-kmeans,40:60
80,86,0.574999988079071,200,5,200,default,naive-kmeans,40:60
80,87,0.574999988079071,200,5,200,default,naive-kmeans,40:60
80,88,0.574999988079071,200,5,200,default,naive-kmeans,40:60
80,89,0.574999988079071,200,5,200,default,naive-kmeans,40:60
80,90,0.574999988079071,200,5,200,default,naive-kmeans,40:60
80,91,0.574999988079071,200,5,200,default,naive-kmeans,40:60
80,92,0.574999988079071,200,5,200,default,naive-kmeans,40:60
80,93,0.574999988079071,200,5,200,default,naive-kmeans,40:60
80,94,0.574999988079071,200,5,200,default,naive-kmeans,40:60
80,95,0.574999988079071,200,5,200,default,naive-kmeans,40:60
80,96,0.574999988079071,200,5,200,default,naive-kmeans,40:60
80,97,0.574999988079071,200,5,200,default,naive-kmeans,40:60
80,98,0.574999988079071,200,5,200,default,naive-kmeans,40:60
80,99,0.574999988079071,200,5,200,default,naive-kmeans,40:60
81,0,0.5550000071525574,200,5,200,default,naive-kmeans,40:60
81,1,0.550000011920929,200,5,200,default,naive-kmeans,40:60
81,2,0.5600000023841858,200,5,200,default,naive-kmeans,40:60
81,3,0.574999988079071,200,5,200,default,naive-kmeans,40:60
81,4,0.5699999928474426,200,5,200,default,naive-kmeans,40:60
81,5,0.5649999976158142,200,5,200,default,naive-kmeans,40:60
81,6,0.5600000023841858,200,5,200,default,naive-kmeans,40:60
81,7,0.5649999976158142,200,5,200,default,naive-kmeans,40:60
81,8,0.5699999928474426,200,5,200,default,naive-kmeans,40:60
81,9,0.5799999833106995,200,5,200,default,naive-kmeans,40:60
81,10,0.5550000071525574,200,5,200,default,naive-kmeans,40:60
81,11,0.5550000071525574,200,5,200,default,naive-kmeans,40:60
81,12,0.550000011920929,200,5,200,default,naive-kmeans,40:60
81,13,0.5600000023841858,200,5,200,default,naive-kmeans,40:60
81,14,0.574999988079071,200,5,200,default,naive-kmeans,40:60
81,15,0.5799999833106995,200,5,200,default,naive-kmeans,40:60
81,16,0.5799999833106995,200,5,200,default,naive-kmeans,40:60
81,17,0.5799999833106995,200,5,200,default,naive-kmeans,40:60
81,18,0.5799999833106995,200,5,200,default,naive-kmeans,40:60
81,19,0.5799999833106995,200,5,200,default,naive-kmeans,40:60
81,20,0.5799999833106995,200,5,200,default,naive-kmeans,40:60
81,21,0.5799999833106995,200,5,200,default,naive-kmeans,40:60
81,22,0.5799999833106995,200,5,200,default,naive-kmeans,40:60
81,23,0.5799999833106995,200,5,200,default,naive-kmeans,40:60
81,24,0.5799999833106995,200,5,200,default,naive-kmeans,40:60
81,25,0.5799999833106995,200,5,200,default,naive-kmeans,40:60
81,26,0.5799999833106995,200,5,200,default,naive-kmeans,40:60
81,27,0.5799999833106995,200,5,200,default,naive-kmeans,40:60
81,28,0.5799999833106995,200,5,200,default,naive-kmeans,40:60
81,29,0.5799999833106995,200,5,200,default,naive-kmeans,40:60
81,30,0.5799999833106995,200,5,200,default,naive-kmeans,40:60
81,31,0.5799999833106995,200,5,200,default,naive-kmeans,40:60
81,32,0.5799999833106995,200,5,200,default,naive-kmeans,40:60
81,33,0.5799999833106995,200,5,200,default,naive-kmeans,40:60
81,34,0.5799999833106995,200,5,200,default,naive-kmeans,40:60
81,35,0.5799999833106995,200,5,200,default,naive-kmeans,40:60
81,36,0.5799999833106995,200,5,200,default,naive-kmeans,40:60
81,37,0.5799999833106995,200,5,200,default,naive-kmeans,40:60
81,38,0.5799999833106995,200,5,200,default,naive-kmeans,40:60
81,39,0.5799999833106995,200,5,200,default,naive-kmeans,40:60
81,40,0.5799999833106995,200,5,200,default,naive-kmeans,40:60
81,41,0.5799999833106995,200,5,200,default,naive-kmeans,40:60
81,42,0.5799999833106995,200,5,200,default,naive-kmeans,40:60
81,43,0.5799999833106995,200,5,200,default,naive-kmeans,40:60
81,44,0.5799999833106995,200,5,200,default,naive-kmeans,40:60
81,45,0.5799999833106995,200,5,200,default,naive-kmeans,40:60
81,46,0.5799999833106995,200,5,200,default,naive-kmeans,40:60
81,47,0.5799999833106995,200,5,200,default,naive-kmeans,40:60
81,48,0.5799999833106995,200,5,200,default,naive-kmeans,40:60
81,49,0.5799999833106995,200,5,200,default,naive-kmeans,40:60
81,50,0.5799999833106995,200,5,200,default,naive-kmeans,40:60
81,51,0.5799999833106995,200,5,200,default,naive-kmeans,40:60
81,52,0.5799999833106995,200,5,200,default,naive-kmeans,40:60
81,53,0.5799999833106995,200,5,200,default,naive-kmeans,40:60
81,54,0.5799999833106995,200,5,200,default,naive-kmeans,40:60
81,55,0.5799999833106995,200,5,200,default,naive-kmeans,40:60
81,56,0.5799999833106995,200,5,200,default,naive-kmeans,40:60
81,57,0.5799999833106995,200,5,200,default,naive-kmeans,40:60
81,58,0.5799999833106995,200,5,200,default,naive-kmeans,40:60
81,59,0.5799999833106995,200,5,200,default,naive-kmeans,40:60
81,60,0.5799999833106995,200,5,200,default,naive-kmeans,40:60
81,61,0.5799999833106995,200,5,200,default,naive-kmeans,40:60
81,62,0.5799999833106995,200,5,200,default,naive-kmeans,40:60
81,63,0.5799999833106995,200,5,200,default,naive-kmeans,40:60
81,64,0.5799999833106995,200,5,200,default,naive-kmeans,40:60
81,65,0.5799999833106995,200,5,200,default,naive-kmeans,40:60
81,66,0.5799999833106995,200,5,200,default,naive-kmeans,40:60
81,67,0.5799999833106995,200,5,200,default,naive-kmeans,40:60
81,68,0.5799999833106995,200,5,200,default,naive-kmeans,40:60
81,69,0.5799999833106995,200,5,200,default,naive-kmeans,40:60
81,70,0.5799999833106995,200,5,200,default,naive-kmeans,40:60
81,71,0.5799999833106995,200,5,200,default,naive-kmeans,40:60
81,72,0.5799999833106995,200,5,200,default,naive-kmeans,40:60
81,73,0.5799999833106995,200,5,200,default,naive-kmeans,40:60
81,74,0.5799999833106995,200,5,200,default,naive-kmeans,40:60
81,75,0.5799999833106995,200,5,200,default,naive-kmeans,40:60
81,76,0.5799999833106995,200,5,200,default,naive-kmeans,40:60
81,77,0.5799999833106995,200,5,200,default,naive-kmeans,40:60
81,78,0.5799999833106995,200,5,200,default,naive-kmeans,40:60
81,79,0.5799999833106995,200,5,200,default,naive-kmeans,40:60
81,80,0.5799999833106995,200,5,200,default,naive-kmeans,40:60
81,81,0.5799999833106995,200,5,200,default,naive-kmeans,40:60
81,82,0.5799999833106995,200,5,200,default,naive-kmeans,40:60
81,83,0.5799999833106995,200,5,200,default,naive-kmeans,40:60
81,84,0.5799999833106995,200,5,200,default,naive-kmeans,40:60
81,85,0.5799999833106995,200,5,200,default,naive-kmeans,40:60
81,86,0.5799999833106995,200,5,200,default,naive-kmeans,40:60
81,87,0.5799999833106995,200,5,200,default,naive-kmeans,40:60
81,88,0.5799999833106995,200,5,200,default,naive-kmeans,40:60
81,89,0.5799999833106995,200,5,200,default,naive-kmeans,40:60
81,90,0.5799999833106995,200,5,200,default,naive-kmeans,40:60
81,91,0.5799999833106995,200,5,200,default,naive-kmeans,40:60
81,92,0.5799999833106995,200,5,200,default,naive-kmeans,40:60
81,93,0.5799999833106995,200,5,200,default,naive-kmeans,40:60
81,94,0.5799999833106995,200,5,200,default,naive-kmeans,40:60
81,95,0.5799999833106995,200,5,200,default,naive-kmeans,40:60
81,96,0.5799999833106995,200,5,200,default,naive-kmeans,40:60
81,97,0.5799999833106995,200,5,200,default,naive-kmeans,40:60
81,98,0.5799999833106995,200,5,200,default,naive-kmeans,40:60
81,99,0.5799999833106995,200,5,200,default,naive-kmeans,40:60
82,0,0.5600000023841858,200,5,200,default,naive-kmeans,40:60
82,1,0.5950000286102295,200,5,200,default,naive-kmeans,40:60
82,2,0.5550000071525574,200,5,200,default,naive-kmeans,40:60
82,3,0.5450000166893005,200,5,200,default,naive-kmeans,40:60
82,4,0.550000011920929,200,5,200,default,naive-kmeans,40:60
82,5,0.5600000023841858,200,5,200,default,naive-kmeans,40:60
82,6,0.550000011920929,200,5,200,default,naive-kmeans,40:60
82,7,0.5400000214576721,200,5,200,default,naive-kmeans,40:60
82,8,0.550000011920929,200,5,200,default,naive-kmeans,40:60
82,9,0.5950000286102295,200,5,200,default,naive-kmeans,40:60
82,10,0.5950000286102295,200,5,200,default,naive-kmeans,40:60
82,11,0.5950000286102295,200,5,200,default,naive-kmeans,40:60
82,12,0.5950000286102295,200,5,200,default,naive-kmeans,40:60
82,13,0.5950000286102295,200,5,200,default,naive-kmeans,40:60
82,14,0.5950000286102295,200,5,200,default,naive-kmeans,40:60
82,15,0.5950000286102295,200,5,200,default,naive-kmeans,40:60
82,16,0.5950000286102295,200,5,200,default,naive-kmeans,40:60
82,17,0.5950000286102295,200,5,200,default,naive-kmeans,40:60
82,18,0.5950000286102295,200,5,200,default,naive-kmeans,40:60
82,19,0.5950000286102295,200,5,200,default,naive-kmeans,40:60
82,20,0.5950000286102295,200,5,200,default,naive-kmeans,40:60
82,21,0.5950000286102295,200,5,200,default,naive-kmeans,40:60
82,22,0.5950000286102295,200,5,200,default,naive-kmeans,40:60
82,23,0.5950000286102295,200,5,200,default,naive-kmeans,40:60
82,24,0.5950000286102295,200,5,200,default,naive-kmeans,40:60
82,25,0.5950000286102295,200,5,200,default,naive-kmeans,40:60
82,26,0.5950000286102295,200,5,200,default,naive-kmeans,40:60
82,27,0.5950000286102295,200,5,200,default,naive-kmeans,40:60
82,28,0.5950000286102295,200,5,200,default,naive-kmeans,40:60
82,29,0.5950000286102295,200,5,200,default,naive-kmeans,40:60
82,30,0.5950000286102295,200,5,200,default,naive-kmeans,40:60
82,31,0.5950000286102295,200,5,200,default,naive-kmeans,40:60
82,32,0.5950000286102295,200,5,200,default,naive-kmeans,40:60
82,33,0.5950000286102295,200,5,200,default,naive-kmeans,40:60
82,34,0.5950000286102295,200,5,200,default,naive-kmeans,40:60
82,35,0.5950000286102295,200,5,200,default,naive-kmeans,40:60
82,36,0.5950000286102295,200,5,200,default,naive-kmeans,40:60
82,37,0.5950000286102295,200,5,200,default,naive-kmeans,40:60
82,38,0.5950000286102295,200,5,200,default,naive-kmeans,40:60
82,39,0.5950000286102295,200,5,200,default,naive-kmeans,40:60
82,40,0.5950000286102295,200,5,200,default,naive-kmeans,40:60
82,41,0.5950000286102295,200,5,200,default,naive-kmeans,40:60
82,42,0.5950000286102295,200,5,200,default,naive-kmeans,40:60
82,43,0.5950000286102295,200,5,200,default,naive-kmeans,40:60
82,44,0.5950000286102295,200,5,200,default,naive-kmeans,40:60
82,45,0.5950000286102295,200,5,200,default,naive-kmeans,40:60
82,46,0.5950000286102295,200,5,200,default,naive-kmeans,40:60
82,47,0.5950000286102295,200,5,200,default,naive-kmeans,40:60
82,48,0.5950000286102295,200,5,200,default,naive-kmeans,40:60
82,49,0.5950000286102295,200,5,200,default,naive-kmeans,40:60
82,50,0.5950000286102295,200,5,200,default,naive-kmeans,40:60
82,51,0.5950000286102295,200,5,200,default,naive-kmeans,40:60
82,52,0.5950000286102295,200,5,200,default,naive-kmeans,40:60
82,53,0.5950000286102295,200,5,200,default,naive-kmeans,40:60
82,54,0.5950000286102295,200,5,200,default,naive-kmeans,40:60
82,55,0.5950000286102295,200,5,200,default,naive-kmeans,40:60
82,56,0.5950000286102295,200,5,200,default,naive-kmeans,40:60
82,57,0.5950000286102295,200,5,200,default,naive-kmeans,40:60
82,58,0.5950000286102295,200,5,200,default,naive-kmeans,40:60
82,59,0.5950000286102295,200,5,200,default,naive-kmeans,40:60
82,60,0.5950000286102295,200,5,200,default,naive-kmeans,40:60
82,61,0.5950000286102295,200,5,200,default,naive-kmeans,40:60
82,62,0.5950000286102295,200,5,200,default,naive-kmeans,40:60
82,63,0.5950000286102295,200,5,200,default,naive-kmeans,40:60
82,64,0.5950000286102295,200,5,200,default,naive-kmeans,40:60
82,65,0.5950000286102295,200,5,200,default,naive-kmeans,40:60
82,66,0.5950000286102295,200,5,200,default,naive-kmeans,40:60
82,67,0.5950000286102295,200,5,200,default,naive-kmeans,40:60
82,68,0.5950000286102295,200,5,200,default,naive-kmeans,40:60
82,69,0.5950000286102295,200,5,200,default,naive-kmeans,40:60
82,70,0.5950000286102295,200,5,200,default,naive-kmeans,40:60
82,71,0.5950000286102295,200,5,200,default,naive-kmeans,40:60
82,72,0.5950000286102295,200,5,200,default,naive-kmeans,40:60
82,73,0.5950000286102295,200,5,200,default,naive-kmeans,40:60
82,74,0.5950000286102295,200,5,200,default,naive-kmeans,40:60
82,75,0.5950000286102295,200,5,200,default,naive-kmeans,40:60
82,76,0.5950000286102295,200,5,200,default,naive-kmeans,40:60
82,77,0.5950000286102295,200,5,200,default,naive-kmeans,40:60
82,78,0.5950000286102295,200,5,200,default,naive-kmeans,40:60
82,79,0.5950000286102295,200,5,200,default,naive-kmeans,40:60
82,80,0.5950000286102295,200,5,200,default,naive-kmeans,40:60
82,81,0.5950000286102295,200,5,200,default,naive-kmeans,40:60
82,82,0.5950000286102295,200,5,200,default,naive-kmeans,40:60
82,83,0.5950000286102295,200,5,200,default,naive-kmeans,40:60
82,84,0.5950000286102295,200,5,200,default,naive-kmeans,40:60
82,85,0.5950000286102295,200,5,200,default,naive-kmeans,40:60
82,86,0.5950000286102295,200,5,200,default,naive-kmeans,40:60
82,87,0.5950000286102295,200,5,200,default,naive-kmeans,40:60
82,88,0.5950000286102295,200,5,200,default,naive-kmeans,40:60
82,89,0.5950000286102295,200,5,200,default,naive-kmeans,40:60
82,90,0.5950000286102295,200,5,200,default,naive-kmeans,40:60
82,91,0.5950000286102295,200,5,200,default,naive-kmeans,40:60
82,92,0.5950000286102295,200,5,200,default,naive-kmeans,40:60
82,93,0.5950000286102295,200,5,200,default,naive-kmeans,40:60
82,94,0.5950000286102295,200,5,200,default,naive-kmeans,40:60
82,95,0.5950000286102295,200,5,200,default,naive-kmeans,40:60
82,96,0.5950000286102295,200,5,200,default,naive-kmeans,40:60
82,97,0.5950000286102295,200,5,200,default,naive-kmeans,40:60
82,98,0.5950000286102295,200,5,200,default,naive-kmeans,40:60
82,99,0.5950000286102295,200,5,200,default,naive-kmeans,40:60
83,0,0.5600000023841858,200,5,200,default,naive-kmeans,40:60
83,1,0.5600000023841858,200,5,200,default,naive-kmeans,40:60
83,2,0.550000011920929,200,5,200,default,naive-kmeans,40:60
83,3,0.5149999856948853,200,5,200,default,naive-kmeans,40:60
83,4,0.5400000214576721,200,5,200,default,naive-kmeans,40:60
83,5,0.5099999904632568,200,5,200,default,naive-kmeans,40:60
83,6,0.550000011920929,200,5,200,default,naive-kmeans,40:60
83,7,0.5600000023841858,200,5,200,default,naive-kmeans,40:60
83,8,0.5600000023841858,200,5,200,default,naive-kmeans,40:60
83,9,0.5600000023841858,200,5,200,default,naive-kmeans,40:60
83,10,0.5600000023841858,200,5,200,default,naive-kmeans,40:60
83,11,0.5600000023841858,200,5,200,default,naive-kmeans,40:60
83,12,0.5600000023841858,200,5,200,default,naive-kmeans,40:60
83,13,0.5600000023841858,200,5,200,default,naive-kmeans,40:60
83,14,0.5600000023841858,200,5,200,default,naive-kmeans,40:60
83,15,0.5600000023841858,200,5,200,default,naive-kmeans,40:60
83,16,0.5600000023841858,200,5,200,default,naive-kmeans,40:60
83,17,0.5600000023841858,200,5,200,default,naive-kmeans,40:60
83,18,0.5600000023841858,200,5,200,default,naive-kmeans,40:60
83,19,0.5600000023841858,200,5,200,default,naive-kmeans,40:60
83,20,0.5600000023841858,200,5,200,default,naive-kmeans,40:60
83,21,0.5600000023841858,200,5,200,default,naive-kmeans,40:60
83,22,0.5600000023841858,200,5,200,default,naive-kmeans,40:60
83,23,0.5600000023841858,200,5,200,default,naive-kmeans,40:60
83,24,0.5600000023841858,200,5,200,default,naive-kmeans,40:60
83,25,0.5600000023841858,200,5,200,default,naive-kmeans,40:60
83,26,0.5600000023841858,200,5,200,default,naive-kmeans,40:60
83,27,0.5600000023841858,200,5,200,default,naive-kmeans,40:60
83,28,0.5600000023841858,200,5,200,default,naive-kmeans,40:60
83,29,0.5600000023841858,200,5,200,default,naive-kmeans,40:60
83,30,0.5600000023841858,200,5,200,default,naive-kmeans,40:60
83,31,0.5600000023841858,200,5,200,default,naive-kmeans,40:60
83,32,0.5600000023841858,200,5,200,default,naive-kmeans,40:60
83,33,0.5600000023841858,200,5,200,default,naive-kmeans,40:60
83,34,0.5600000023841858,200,5,200,default,naive-kmeans,40:60
83,35,0.5600000023841858,200,5,200,default,naive-kmeans,40:60
83,36,0.5600000023841858,200,5,200,default,naive-kmeans,40:60
83,37,0.5600000023841858,200,5,200,default,naive-kmeans,40:60
83,38,0.5600000023841858,200,5,200,default,naive-kmeans,40:60
83,39,0.5600000023841858,200,5,200,default,naive-kmeans,40:60
83,40,0.5600000023841858,200,5,200,default,naive-kmeans,40:60
83,41,0.5600000023841858,200,5,200,default,naive-kmeans,40:60
83,42,0.5600000023841858,200,5,200,default,naive-kmeans,40:60
83,43,0.5600000023841858,200,5,200,default,naive-kmeans,40:60
83,44,0.5600000023841858,200,5,200,default,naive-kmeans,40:60
83,45,0.5600000023841858,200,5,200,default,naive-kmeans,40:60
83,46,0.5600000023841858,200,5,200,default,naive-kmeans,40:60
83,47,0.5600000023841858,200,5,200,default,naive-kmeans,40:60
83,48,0.5600000023841858,200,5,200,default,naive-kmeans,40:60
83,49,0.5600000023841858,200,5,200,default,naive-kmeans,40:60
83,50,0.5600000023841858,200,5,200,default,naive-kmeans,40:60
83,51,0.5600000023841858,200,5,200,default,naive-kmeans,40:60
83,52,0.5600000023841858,200,5,200,default,naive-kmeans,40:60
83,53,0.5600000023841858,200,5,200,default,naive-kmeans,40:60
83,54,0.5600000023841858,200,5,200,default,naive-kmeans,40:60
83,55,0.5600000023841858,200,5,200,default,naive-kmeans,40:60
83,56,0.5600000023841858,200,5,200,default,naive-kmeans,40:60
83,57,0.5600000023841858,200,5,200,default,naive-kmeans,40:60
83,58,0.5600000023841858,200,5,200,default,naive-kmeans,40:60
83,59,0.5600000023841858,200,5,200,default,naive-kmeans,40:60
83,60,0.5600000023841858,200,5,200,default,naive-kmeans,40:60
83,61,0.5600000023841858,200,5,200,default,naive-kmeans,40:60
83,62,0.5600000023841858,200,5,200,default,naive-kmeans,40:60
83,63,0.5600000023841858,200,5,200,default,naive-kmeans,40:60
83,64,0.5600000023841858,200,5,200,default,naive-kmeans,40:60
83,65,0.5600000023841858,200,5,200,default,naive-kmeans,40:60
83,66,0.5600000023841858,200,5,200,default,naive-kmeans,40:60
83,67,0.5600000023841858,200,5,200,default,naive-kmeans,40:60
83,68,0.5600000023841858,200,5,200,default,naive-kmeans,40:60
83,69,0.5600000023841858,200,5,200,default,naive-kmeans,40:60
83,70,0.5600000023841858,200,5,200,default,naive-kmeans,40:60
83,71,0.5600000023841858,200,5,200,default,naive-kmeans,40:60
83,72,0.5600000023841858,200,5,200,default,naive-kmeans,40:60
83,73,0.5600000023841858,200,5,200,default,naive-kmeans,40:60
83,74,0.5600000023841858,200,5,200,default,naive-kmeans,40:60
83,75,0.5600000023841858,200,5,200,default,naive-kmeans,40:60
83,76,0.5600000023841858,200,5,200,default,naive-kmeans,40:60
83,77,0.5600000023841858,200,5,200,default,naive-kmeans,40:60
83,78,0.5600000023841858,200,5,200,default,naive-kmeans,40:60
83,79,0.5600000023841858,200,5,200,default,naive-kmeans,40:60
83,80,0.5600000023841858,200,5,200,default,naive-kmeans,40:60
83,81,0.5600000023841858,200,5,200,default,naive-kmeans,40:60
83,82,0.5600000023841858,200,5,200,default,naive-kmeans,40:60
83,83,0.5600000023841858,200,5,200,default,naive-kmeans,40:60
83,84,0.5600000023841858,200,5,200,default,naive-kmeans,40:60
83,85,0.5600000023841858,200,5,200,default,naive-kmeans,40:60
83,86,0.5600000023841858,200,5,200,default,naive-kmeans,40:60
83,87,0.5600000023841858,200,5,200,default,naive-kmeans,40:60
83,88,0.5600000023841858,200,5,200,default,naive-kmeans,40:60
83,89,0.5600000023841858,200,5,200,default,naive-kmeans,40:60
83,90,0.5600000023841858,200,5,200,default,naive-kmeans,40:60
83,91,0.5600000023841858,200,5,200,default,naive-kmeans,40:60
83,92,0.5600000023841858,200,5,200,default,naive-kmeans,40:60
83,93,0.5600000023841858,200,5,200,default,naive-kmeans,40:60
83,94,0.5600000023841858,200,5,200,default,naive-kmeans,40:60
83,95,0.5600000023841858,200,5,200,default,naive-kmeans,40:60
83,96,0.5600000023841858,200,5,200,default,naive-kmeans,40:60
83,97,0.5600000023841858,200,5,200,default,naive-kmeans,40:60
83,98,0.5600000023841858,200,5,200,default,naive-kmeans,40:60
83,99,0.5600000023841858,200,5,200,default,naive-kmeans,40:60
84,0,0.5249999761581421,200,5,200,default,naive-kmeans,40:60
84,1,0.5199999809265137,200,5,200,default,naive-kmeans,40:60
84,2,0.5600000023841858,200,5,200,default,naive-kmeans,40:60
84,3,0.5299999713897705,200,5,200,default,naive-kmeans,40:60
84,4,0.5600000023841858,200,5,200,default,naive-kmeans,40:60
84,5,0.5600000023841858,200,5,200,default,naive-kmeans,40:60
84,6,0.5600000023841858,200,5,200,default,naive-kmeans,40:60
84,7,0.5600000023841858,200,5,200,default,naive-kmeans,40:60
84,8,0.5600000023841858,200,5,200,default,naive-kmeans,40:60
84,9,0.5600000023841858,200,5,200,default,naive-kmeans,40:60
84,10,0.5600000023841858,200,5,200,default,naive-kmeans,40:60
84,11,0.5600000023841858,200,5,200,default,naive-kmeans,40:60
84,12,0.5600000023841858,200,5,200,default,naive-kmeans,40:60
84,13,0.5600000023841858,200,5,200,default,naive-kmeans,40:60
84,14,0.5600000023841858,200,5,200,default,naive-kmeans,40:60
84,15,0.5600000023841858,200,5,200,default,naive-kmeans,40:60
84,16,0.5600000023841858,200,5,200,default,naive-kmeans,40:60
84,17,0.5600000023841858,200,5,200,default,naive-kmeans,40:60
84,18,0.5600000023841858,200,5,200,default,naive-kmeans,40:60
84,19,0.5600000023841858,200,5,200,default,naive-kmeans,40:60
84,20,0.5600000023841858,200,5,200,default,naive-kmeans,40:60
84,21,0.5600000023841858,200,5,200,default,naive-kmeans,40:60
84,22,0.5600000023841858,200,5,200,default,naive-kmeans,40:60
84,23,0.5600000023841858,200,5,200,default,naive-kmeans,40:60
84,24,0.5600000023841858,200,5,200,default,naive-kmeans,40:60
84,25,0.5600000023841858,200,5,200,default,naive-kmeans,40:60
84,26,0.5600000023841858,200,5,200,default,naive-kmeans,40:60
84,27,0.5600000023841858,200,5,200,default,naive-kmeans,40:60
84,28,0.5600000023841858,200,5,200,default,naive-kmeans,40:60
84,29,0.5600000023841858,200,5,200,default,naive-kmeans,40:60
84,30,0.5600000023841858,200,5,200,default,naive-kmeans,40:60
84,31,0.5600000023841858,200,5,200,default,naive-kmeans,40:60
84,32,0.5600000023841858,200,5,200,default,naive-kmeans,40:60
84,33,0.5600000023841858,200,5,200,default,naive-kmeans,40:60
84,34,0.5600000023841858,200,5,200,default,naive-kmeans,40:60
84,35,0.5600000023841858,200,5,200,default,naive-kmeans,40:60
84,36,0.5600000023841858,200,5,200,default,naive-kmeans,40:60
84,37,0.5600000023841858,200,5,200,default,naive-kmeans,40:60
84,38,0.5600000023841858,200,5,200,default,naive-kmeans,40:60
84,39,0.5600000023841858,200,5,200,default,naive-kmeans,40:60
84,40,0.5600000023841858,200,5,200,default,naive-kmeans,40:60
84,41,0.5600000023841858,200,5,200,default,naive-kmeans,40:60
84,42,0.5600000023841858,200,5,200,default,naive-kmeans,40:60
84,43,0.5600000023841858,200,5,200,default,naive-kmeans,40:60
84,44,0.5600000023841858,200,5,200,default,naive-kmeans,40:60
84,45,0.5600000023841858,200,5,200,default,naive-kmeans,40:60
84,46,0.5600000023841858,200,5,200,default,naive-kmeans,40:60
84,47,0.5600000023841858,200,5,200,default,naive-kmeans,40:60
84,48,0.5600000023841858,200,5,200,default,naive-kmeans,40:60
84,49,0.5600000023841858,200,5,200,default,naive-kmeans,40:60
84,50,0.5600000023841858,200,5,200,default,naive-kmeans,40:60
84,51,0.5600000023841858,200,5,200,default,naive-kmeans,40:60
84,52,0.5600000023841858,200,5,200,default,naive-kmeans,40:60
84,53,0.5600000023841858,200,5,200,default,naive-kmeans,40:60
84,54,0.5600000023841858,200,5,200,default,naive-kmeans,40:60
84,55,0.5600000023841858,200,5,200,default,naive-kmeans,40:60
84,56,0.5600000023841858,200,5,200,default,naive-kmeans,40:60
84,57,0.5600000023841858,200,5,200,default,naive-kmeans,40:60
84,58,0.5600000023841858,200,5,200,default,naive-kmeans,40:60
84,59,0.5600000023841858,200,5,200,default,naive-kmeans,40:60
84,60,0.5600000023841858,200,5,200,default,naive-kmeans,40:60
84,61,0.5600000023841858,200,5,200,default,naive-kmeans,40:60
84,62,0.5600000023841858,200,5,200,default,naive-kmeans,40:60
84,63,0.5600000023841858,200,5,200,default,naive-kmeans,40:60
84,64,0.5600000023841858,200,5,200,default,naive-kmeans,40:60
84,65,0.5600000023841858,200,5,200,default,naive-kmeans,40:60
84,66,0.5600000023841858,200,5,200,default,naive-kmeans,40:60
84,67,0.5600000023841858,200,5,200,default,naive-kmeans,40:60
84,68,0.5600000023841858,200,5,200,default,naive-kmeans,40:60
84,69,0.5600000023841858,200,5,200,default,naive-kmeans,40:60
84,70,0.5600000023841858,200,5,200,default,naive-kmeans,40:60
84,71,0.5600000023841858,200,5,200,default,naive-kmeans,40:60
84,72,0.5600000023841858,200,5,200,default,naive-kmeans,40:60
84,73,0.5600000023841858,200,5,200,default,naive-kmeans,40:60
84,74,0.5600000023841858,200,5,200,default,naive-kmeans,40:60
84,75,0.5600000023841858,200,5,200,default,naive-kmeans,40:60
84,76,0.5600000023841858,200,5,200,default,naive-kmeans,40:60
84,77,0.5600000023841858,200,5,200,default,naive-kmeans,40:60
84,78,0.5600000023841858,200,5,200,default,naive-kmeans,40:60
84,79,0.5600000023841858,200,5,200,default,naive-kmeans,40:60
84,80,0.5600000023841858,200,5,200,default,naive-kmeans,40:60
84,81,0.5600000023841858,200,5,200,default,naive-kmeans,40:60
84,82,0.5600000023841858,200,5,200,default,naive-kmeans,40:60
84,83,0.5600000023841858,200,5,200,default,naive-kmeans,40:60
84,84,0.5600000023841858,200,5,200,default,naive-kmeans,40:60
84,85,0.5600000023841858,200,5,200,default,naive-kmeans,40:60
84,86,0.5600000023841858,200,5,200,default,naive-kmeans,40:60
84,87,0.5600000023841858,200,5,200,default,naive-kmeans,40:60
84,88,0.5600000023841858,200,5,200,default,naive-kmeans,40:60
84,89,0.5600000023841858,200,5,200,default,naive-kmeans,40:60
84,90,0.5600000023841858,200,5,200,default,naive-kmeans,40:60
84,91,0.5600000023841858,200,5,200,default,naive-kmeans,40:60
84,92,0.5600000023841858,200,5,200,default,naive-kmeans,40:60
84,93,0.5600000023841858,200,5,200,default,naive-kmeans,40:60
84,94,0.5600000023841858,200,5,200,default,naive-kmeans,40:60
84,95,0.5600000023841858,200,5,200,default,naive-kmeans,40:60
84,96,0.5600000023841858,200,5,200,default,naive-kmeans,40:60
84,97,0.5600000023841858,200,5,200,default,naive-kmeans,40:60
84,98,0.5600000023841858,200,5,200,default,naive-kmeans,40:60
84,99,0.5600000023841858,200,5,200,default,naive-kmeans,40:60
85,0,0.5249999761581421,200,5,200,default,naive-kmeans,40:60
85,1,0.5600000023841858,200,5,200,default,naive-kmeans,40:60
85,2,0.550000011920929,200,5,200,default,naive-kmeans,40:60
85,3,0.5649999976158142,200,5,200,default,naive-kmeans,40:60
85,4,0.5799999833106995,200,5,200,default,naive-kmeans,40:60
85,5,0.574999988079071,200,5,200,default,naive-kmeans,40:60
85,6,0.550000011920929,200,5,200,default,naive-kmeans,40:60
85,7,0.5699999928474426,200,5,200,default,naive-kmeans,40:60
85,8,0.5849999785423279,200,5,200,default,naive-kmeans,40:60
85,9,0.5849999785423279,200,5,200,default,naive-kmeans,40:60
85,10,0.5849999785423279,200,5,200,default,naive-kmeans,40:60
85,11,0.5849999785423279,200,5,200,default,naive-kmeans,40:60
85,12,0.5849999785423279,200,5,200,default,naive-kmeans,40:60
85,13,0.5849999785423279,200,5,200,default,naive-kmeans,40:60
85,14,0.5849999785423279,200,5,200,default,naive-kmeans,40:60
85,15,0.5849999785423279,200,5,200,default,naive-kmeans,40:60
85,16,0.5849999785423279,200,5,200,default,naive-kmeans,40:60
85,17,0.5849999785423279,200,5,200,default,naive-kmeans,40:60
85,18,0.5849999785423279,200,5,200,default,naive-kmeans,40:60
85,19,0.5849999785423279,200,5,200,default,naive-kmeans,40:60
85,20,0.5849999785423279,200,5,200,default,naive-kmeans,40:60
85,21,0.5849999785423279,200,5,200,default,naive-kmeans,40:60
85,22,0.5849999785423279,200,5,200,default,naive-kmeans,40:60
85,23,0.5849999785423279,200,5,200,default,naive-kmeans,40:60
85,24,0.5849999785423279,200,5,200,default,naive-kmeans,40:60
85,25,0.5849999785423279,200,5,200,default,naive-kmeans,40:60
85,26,0.5849999785423279,200,5,200,default,naive-kmeans,40:60
85,27,0.5849999785423279,200,5,200,default,naive-kmeans,40:60
85,28,0.5849999785423279,200,5,200,default,naive-kmeans,40:60
85,29,0.5849999785423279,200,5,200,default,naive-kmeans,40:60
85,30,0.5849999785423279,200,5,200,default,naive-kmeans,40:60
85,31,0.5849999785423279,200,5,200,default,naive-kmeans,40:60
85,32,0.5849999785423279,200,5,200,default,naive-kmeans,40:60
85,33,0.5849999785423279,200,5,200,default,naive-kmeans,40:60
85,34,0.5849999785423279,200,5,200,default,naive-kmeans,40:60
85,35,0.5849999785423279,200,5,200,default,naive-kmeans,40:60
85,36,0.5849999785423279,200,5,200,default,naive-kmeans,40:60
85,37,0.5849999785423279,200,5,200,default,naive-kmeans,40:60
85,38,0.5849999785423279,200,5,200,default,naive-kmeans,40:60
85,39,0.5849999785423279,200,5,200,default,naive-kmeans,40:60
85,40,0.5849999785423279,200,5,200,default,naive-kmeans,40:60
85,41,0.5849999785423279,200,5,200,default,naive-kmeans,40:60
85,42,0.5849999785423279,200,5,200,default,naive-kmeans,40:60
85,43,0.5849999785423279,200,5,200,default,naive-kmeans,40:60
85,44,0.5849999785423279,200,5,200,default,naive-kmeans,40:60
85,45,0.5849999785423279,200,5,200,default,naive-kmeans,40:60
85,46,0.5849999785423279,200,5,200,default,naive-kmeans,40:60
85,47,0.5849999785423279,200,5,200,default,naive-kmeans,40:60
85,48,0.5849999785423279,200,5,200,default,naive-kmeans,40:60
85,49,0.5849999785423279,200,5,200,default,naive-kmeans,40:60
85,50,0.5849999785423279,200,5,200,default,naive-kmeans,40:60
85,51,0.5849999785423279,200,5,200,default,naive-kmeans,40:60
85,52,0.5849999785423279,200,5,200,default,naive-kmeans,40:60
85,53,0.5849999785423279,200,5,200,default,naive-kmeans,40:60
85,54,0.5849999785423279,200,5,200,default,naive-kmeans,40:60
85,55,0.5849999785423279,200,5,200,default,naive-kmeans,40:60
85,56,0.5849999785423279,200,5,200,default,naive-kmeans,40:60
85,57,0.5849999785423279,200,5,200,default,naive-kmeans,40:60
85,58,0.5849999785423279,200,5,200,default,naive-kmeans,40:60
85,59,0.5849999785423279,200,5,200,default,naive-kmeans,40:60
85,60,0.5849999785423279,200,5,200,default,naive-kmeans,40:60
85,61,0.5849999785423279,200,5,200,default,naive-kmeans,40:60
85,62,0.5849999785423279,200,5,200,default,naive-kmeans,40:60
85,63,0.5849999785423279,200,5,200,default,naive-kmeans,40:60
85,64,0.5849999785423279,200,5,200,default,naive-kmeans,40:60
85,65,0.5849999785423279,200,5,200,default,naive-kmeans,40:60
85,66,0.5849999785423279,200,5,200,default,naive-kmeans,40:60
85,67,0.5849999785423279,200,5,200,default,naive-kmeans,40:60
85,68,0.5849999785423279,200,5,200,default,naive-kmeans,40:60
85,69,0.5849999785423279,200,5,200,default,naive-kmeans,40:60
85,70,0.5849999785423279,200,5,200,default,naive-kmeans,40:60
85,71,0.5849999785423279,200,5,200,default,naive-kmeans,40:60
85,72,0.5849999785423279,200,5,200,default,naive-kmeans,40:60
85,73,0.5849999785423279,200,5,200,default,naive-kmeans,40:60
85,74,0.5849999785423279,200,5,200,default,naive-kmeans,40:60
85,75,0.5849999785423279,200,5,200,default,naive-kmeans,40:60
85,76,0.5849999785423279,200,5,200,default,naive-kmeans,40:60
85,77,0.5849999785423279,200,5,200,default,naive-kmeans,40:60
85,78,0.5849999785423279,200,5,200,default,naive-kmeans,40:60
85,79,0.5849999785423279,200,5,200,default,naive-kmeans,40:60
85,80,0.5849999785423279,200,5,200,default,naive-kmeans,40:60
85,81,0.5849999785423279,200,5,200,default,naive-kmeans,40:60
85,82,0.5849999785423279,200,5,200,default,naive-kmeans,40:60
85,83,0.5849999785423279,200,5,200,default,naive-kmeans,40:60
85,84,0.5849999785423279,200,5,200,default,naive-kmeans,40:60
85,85,0.5849999785423279,200,5,200,default,naive-kmeans,40:60
85,86,0.5849999785423279,200,5,200,default,naive-kmeans,40:60
85,87,0.5849999785423279,200,5,200,default,naive-kmeans,40:60
85,88,0.5849999785423279,200,5,200,default,naive-kmeans,40:60
85,89,0.5849999785423279,200,5,200,default,naive-kmeans,40:60
85,90,0.5849999785423279,200,5,200,default,naive-kmeans,40:60
85,91,0.5849999785423279,200,5,200,default,naive-kmeans,40:60
85,92,0.5849999785423279,200,5,200,default,naive-kmeans,40:60
85,93,0.5849999785423279,200,5,200,default,naive-kmeans,40:60
85,94,0.5849999785423279,200,5,200,default,naive-kmeans,40:60
85,95,0.5849999785423279,200,5,200,default,naive-kmeans,40:60
85,96,0.5849999785423279,200,5,200,default,naive-kmeans,40:60
85,97,0.5849999785423279,200,5,200,default,naive-kmeans,40:60
85,98,0.5849999785423279,200,5,200,default,naive-kmeans,40:60
85,99,0.5849999785423279,200,5,200,default,naive-kmeans,40:60
86,0,0.5950000286102295,200,5,200,default,naive-kmeans,40:60
86,1,0.5199999809265137,200,5,200,default,naive-kmeans,40:60
86,2,0.6050000190734863,200,5,200,default,naive-kmeans,40:60
86,3,0.5849999785423279,200,5,200,default,naive-kmeans,40:60
86,4,0.574999988079071,200,5,200,default,naive-kmeans,40:60
86,5,0.5950000286102295,200,5,200,default,naive-kmeans,40:60
86,6,0.5950000286102295,200,5,200,default,naive-kmeans,40:60
86,7,0.5299999713897705,200,5,200,default,naive-kmeans,40:60
86,8,0.6050000190734863,200,5,200,default,naive-kmeans,40:60
86,9,0.6050000190734863,200,5,200,default,naive-kmeans,40:60
86,10,0.6050000190734863,200,5,200,default,naive-kmeans,40:60
86,11,0.6050000190734863,200,5,200,default,naive-kmeans,40:60
86,12,0.6050000190734863,200,5,200,default,naive-kmeans,40:60
86,13,0.6050000190734863,200,5,200,default,naive-kmeans,40:60
86,14,0.6050000190734863,200,5,200,default,naive-kmeans,40:60
86,15,0.6050000190734863,200,5,200,default,naive-kmeans,40:60
86,16,0.6050000190734863,200,5,200,default,naive-kmeans,40:60
86,17,0.6050000190734863,200,5,200,default,naive-kmeans,40:60
86,18,0.6050000190734863,200,5,200,default,naive-kmeans,40:60
86,19,0.6050000190734863,200,5,200,default,naive-kmeans,40:60
86,20,0.6050000190734863,200,5,200,default,naive-kmeans,40:60
86,21,0.6050000190734863,200,5,200,default,naive-kmeans,40:60
86,22,0.6050000190734863,200,5,200,default,naive-kmeans,40:60
86,23,0.6050000190734863,200,5,200,default,naive-kmeans,40:60
86,24,0.6050000190734863,200,5,200,default,naive-kmeans,40:60
86,25,0.6050000190734863,200,5,200,default,naive-kmeans,40:60
86,26,0.6050000190734863,200,5,200,default,naive-kmeans,40:60
86,27,0.6050000190734863,200,5,200,default,naive-kmeans,40:60
86,28,0.6050000190734863,200,5,200,default,naive-kmeans,40:60
86,29,0.6050000190734863,200,5,200,default,naive-kmeans,40:60
86,30,0.6050000190734863,200,5,200,default,naive-kmeans,40:60
86,31,0.6050000190734863,200,5,200,default,naive-kmeans,40:60
86,32,0.6050000190734863,200,5,200,default,naive-kmeans,40:60
86,33,0.6050000190734863,200,5,200,default,naive-kmeans,40:60
86,34,0.6050000190734863,200,5,200,default,naive-kmeans,40:60
86,35,0.6050000190734863,200,5,200,default,naive-kmeans,40:60
86,36,0.6050000190734863,200,5,200,default,naive-kmeans,40:60
86,37,0.6050000190734863,200,5,200,default,naive-kmeans,40:60
86,38,0.6050000190734863,200,5,200,default,naive-kmeans,40:60
86,39,0.6050000190734863,200,5,200,default,naive-kmeans,40:60
86,40,0.6050000190734863,200,5,200,default,naive-kmeans,40:60
86,41,0.6050000190734863,200,5,200,default,naive-kmeans,40:60
86,42,0.6050000190734863,200,5,200,default,naive-kmeans,40:60
86,43,0.6050000190734863,200,5,200,default,naive-kmeans,40:60
86,44,0.6050000190734863,200,5,200,default,naive-kmeans,40:60
86,45,0.6050000190734863,200,5,200,default,naive-kmeans,40:60
86,46,0.6050000190734863,200,5,200,default,naive-kmeans,40:60
86,47,0.6050000190734863,200,5,200,default,naive-kmeans,40:60
86,48,0.6050000190734863,200,5,200,default,naive-kmeans,40:60
86,49,0.6050000190734863,200,5,200,default,naive-kmeans,40:60
86,50,0.6050000190734863,200,5,200,default,naive-kmeans,40:60
86,51,0.6050000190734863,200,5,200,default,naive-kmeans,40:60
86,52,0.6050000190734863,200,5,200,default,naive-kmeans,40:60
86,53,0.6050000190734863,200,5,200,default,naive-kmeans,40:60
86,54,0.6050000190734863,200,5,200,default,naive-kmeans,40:60
86,55,0.6050000190734863,200,5,200,default,naive-kmeans,40:60
86,56,0.6050000190734863,200,5,200,default,naive-kmeans,40:60
86,57,0.6050000190734863,200,5,200,default,naive-kmeans,40:60
86,58,0.6050000190734863,200,5,200,default,naive-kmeans,40:60
86,59,0.6050000190734863,200,5,200,default,naive-kmeans,40:60
86,60,0.6050000190734863,200,5,200,default,naive-kmeans,40:60
86,61,0.6050000190734863,200,5,200,default,naive-kmeans,40:60
86,62,0.6050000190734863,200,5,200,default,naive-kmeans,40:60
86,63,0.6050000190734863,200,5,200,default,naive-kmeans,40:60
86,64,0.6050000190734863,200,5,200,default,naive-kmeans,40:60
86,65,0.6050000190734863,200,5,200,default,naive-kmeans,40:60
86,66,0.6050000190734863,200,5,200,default,naive-kmeans,40:60
86,67,0.6050000190734863,200,5,200,default,naive-kmeans,40:60
86,68,0.6050000190734863,200,5,200,default,naive-kmeans,40:60
86,69,0.6050000190734863,200,5,200,default,naive-kmeans,40:60
86,70,0.6050000190734863,200,5,200,default,naive-kmeans,40:60
86,71,0.6050000190734863,200,5,200,default,naive-kmeans,40:60
86,72,0.6050000190734863,200,5,200,default,naive-kmeans,40:60
86,73,0.6050000190734863,200,5,200,default,naive-kmeans,40:60
86,74,0.6050000190734863,200,5,200,default,naive-kmeans,40:60
86,75,0.6050000190734863,200,5,200,default,naive-kmeans,40:60
86,76,0.6050000190734863,200,5,200,default,naive-kmeans,40:60
86,77,0.6050000190734863,200,5,200,default,naive-kmeans,40:60
86,78,0.6050000190734863,200,5,200,default,naive-kmeans,40:60
86,79,0.6050000190734863,200,5,200,default,naive-kmeans,40:60
86,80,0.6050000190734863,200,5,200,default,naive-kmeans,40:60
86,81,0.6050000190734863,200,5,200,default,naive-kmeans,40:60
86,82,0.6050000190734863,200,5,200,default,naive-kmeans,40:60
86,83,0.6050000190734863,200,5,200,default,naive-kmeans,40:60
86,84,0.6050000190734863,200,5,200,default,naive-kmeans,40:60
86,85,0.6050000190734863,200,5,200,default,naive-kmeans,40:60
86,86,0.6050000190734863,200,5,200,default,naive-kmeans,40:60
86,87,0.6050000190734863,200,5,200,default,naive-kmeans,40:60
86,88,0.6050000190734863,200,5,200,default,naive-kmeans,40:60
86,89,0.6050000190734863,200,5,200,default,naive-kmeans,40:60
86,90,0.6050000190734863,200,5,200,default,naive-kmeans,40:60
86,91,0.6050000190734863,200,5,200,default,naive-kmeans,40:60
86,92,0.6050000190734863,200,5,200,default,naive-kmeans,40:60
86,93,0.6050000190734863,200,5,200,default,naive-kmeans,40:60
86,94,0.6050000190734863,200,5,200,default,naive-kmeans,40:60
86,95,0.6050000190734863,200,5,200,default,naive-kmeans,40:60
86,96,0.6050000190734863,200,5,200,default,naive-kmeans,40:60
86,97,0.6050000190734863,200,5,200,default,naive-kmeans,40:60
86,98,0.6050000190734863,200,5,200,default,naive-kmeans,40:60
86,99,0.6050000190734863,200,5,200,default,naive-kmeans,40:60
87,0,0.5550000071525574,200,5,200,default,naive-kmeans,40:60
87,1,0.574999988079071,200,5,200,default,naive-kmeans,40:60
87,2,0.5699999928474426,200,5,200,default,naive-kmeans,40:60
87,3,0.5849999785423279,200,5,200,default,naive-kmeans,40:60
87,4,0.5350000262260437,200,5,200,default,naive-kmeans,40:60
87,5,0.5699999928474426,200,5,200,default,naive-kmeans,40:60
87,6,0.5699999928474426,200,5,200,default,naive-kmeans,40:60
87,7,0.5699999928474426,200,5,200,default,naive-kmeans,40:60
87,8,0.5600000023841858,200,5,200,default,naive-kmeans,40:60
87,9,0.5649999976158142,200,5,200,default,naive-kmeans,40:60
87,10,0.5550000071525574,200,5,200,default,naive-kmeans,40:60
87,11,0.5649999976158142,200,5,200,default,naive-kmeans,40:60
87,12,0.5849999785423279,200,5,200,default,naive-kmeans,40:60
87,13,0.5600000023841858,200,5,200,default,naive-kmeans,40:60
87,14,0.5799999833106995,200,5,200,default,naive-kmeans,40:60
87,15,0.550000011920929,200,5,200,default,naive-kmeans,40:60
87,16,0.5849999785423279,200,5,200,default,naive-kmeans,40:60
87,17,0.5849999785423279,200,5,200,default,naive-kmeans,40:60
87,18,0.5849999785423279,200,5,200,default,naive-kmeans,40:60
87,19,0.5849999785423279,200,5,200,default,naive-kmeans,40:60
87,20,0.5849999785423279,200,5,200,default,naive-kmeans,40:60
87,21,0.5849999785423279,200,5,200,default,naive-kmeans,40:60
87,22,0.5849999785423279,200,5,200,default,naive-kmeans,40:60
87,23,0.5849999785423279,200,5,200,default,naive-kmeans,40:60
87,24,0.5849999785423279,200,5,200,default,naive-kmeans,40:60
87,25,0.5849999785423279,200,5,200,default,naive-kmeans,40:60
87,26,0.5849999785423279,200,5,200,default,naive-kmeans,40:60
87,27,0.5849999785423279,200,5,200,default,naive-kmeans,40:60
87,28,0.5849999785423279,200,5,200,default,naive-kmeans,40:60
87,29,0.5849999785423279,200,5,200,default,naive-kmeans,40:60
87,30,0.5849999785423279,200,5,200,default,naive-kmeans,40:60
87,31,0.5849999785423279,200,5,200,default,naive-kmeans,40:60
87,32,0.5849999785423279,200,5,200,default,naive-kmeans,40:60
87,33,0.5849999785423279,200,5,200,default,naive-kmeans,40:60
87,34,0.5849999785423279,200,5,200,default,naive-kmeans,40:60
87,35,0.5849999785423279,200,5,200,default,naive-kmeans,40:60
87,36,0.5849999785423279,200,5,200,default,naive-kmeans,40:60
87,37,0.5849999785423279,200,5,200,default,naive-kmeans,40:60
87,38,0.5849999785423279,200,5,200,default,naive-kmeans,40:60
87,39,0.5849999785423279,200,5,200,default,naive-kmeans,40:60
87,40,0.5849999785423279,200,5,200,default,naive-kmeans,40:60
87,41,0.5849999785423279,200,5,200,default,naive-kmeans,40:60
87,42,0.5849999785423279,200,5,200,default,naive-kmeans,40:60
87,43,0.5849999785423279,200,5,200,default,naive-kmeans,40:60
87,44,0.5849999785423279,200,5,200,default,naive-kmeans,40:60
87,45,0.5849999785423279,200,5,200,default,naive-kmeans,40:60
87,46,0.5849999785423279,200,5,200,default,naive-kmeans,40:60
87,47,0.5849999785423279,200,5,200,default,naive-kmeans,40:60
87,48,0.5849999785423279,200,5,200,default,naive-kmeans,40:60
87,49,0.5849999785423279,200,5,200,default,naive-kmeans,40:60
87,50,0.5849999785423279,200,5,200,default,naive-kmeans,40:60
87,51,0.5849999785423279,200,5,200,default,naive-kmeans,40:60
87,52,0.5849999785423279,200,5,200,default,naive-kmeans,40:60
87,53,0.5849999785423279,200,5,200,default,naive-kmeans,40:60
87,54,0.5849999785423279,200,5,200,default,naive-kmeans,40:60
87,55,0.5849999785423279,200,5,200,default,naive-kmeans,40:60
87,56,0.5849999785423279,200,5,200,default,naive-kmeans,40:60
87,57,0.5849999785423279,200,5,200,default,naive-kmeans,40:60
87,58,0.5849999785423279,200,5,200,default,naive-kmeans,40:60
87,59,0.5849999785423279,200,5,200,default,naive-kmeans,40:60
87,60,0.5849999785423279,200,5,200,default,naive-kmeans,40:60
87,61,0.5849999785423279,200,5,200,default,naive-kmeans,40:60
87,62,0.5849999785423279,200,5,200,default,naive-kmeans,40:60
87,63,0.5849999785423279,200,5,200,default,naive-kmeans,40:60
87,64,0.5849999785423279,200,5,200,default,naive-kmeans,40:60
87,65,0.5849999785423279,200,5,200,default,naive-kmeans,40:60
87,66,0.5849999785423279,200,5,200,default,naive-kmeans,40:60
87,67,0.5849999785423279,200,5,200,default,naive-kmeans,40:60
87,68,0.5849999785423279,200,5,200,default,naive-kmeans,40:60
87,69,0.5849999785423279,200,5,200,default,naive-kmeans,40:60
87,70,0.5849999785423279,200,5,200,default,naive-kmeans,40:60
87,71,0.5849999785423279,200,5,200,default,naive-kmeans,40:60
87,72,0.5849999785423279,200,5,200,default,naive-kmeans,40:60
87,73,0.5849999785423279,200,5,200,default,naive-kmeans,40:60
87,74,0.5849999785423279,200,5,200,default,naive-kmeans,40:60
87,75,0.5849999785423279,200,5,200,default,naive-kmeans,40:60
87,76,0.5849999785423279,200,5,200,default,naive-kmeans,40:60
87,77,0.5849999785423279,200,5,200,default,naive-kmeans,40:60
87,78,0.5849999785423279,200,5,200,default,naive-kmeans,40:60
87,79,0.5849999785423279,200,5,200,default,naive-kmeans,40:60
87,80,0.5849999785423279,200,5,200,default,naive-kmeans,40:60
87,81,0.5849999785423279,200,5,200,default,naive-kmeans,40:60
87,82,0.5849999785423279,200,5,200,default,naive-kmeans,40:60
87,83,0.5849999785423279,200,5,200,default,naive-kmeans,40:60
87,84,0.5849999785423279,200,5,200,default,naive-kmeans,40:60
87,85,0.5849999785423279,200,5,200,default,naive-kmeans,40:60
87,86,0.5849999785423279,200,5,200,default,naive-kmeans,40:60
87,87,0.5849999785423279,200,5,200,default,naive-kmeans,40:60
87,88,0.5849999785423279,200,5,200,default,naive-kmeans,40:60
87,89,0.5849999785423279,200,5,200,default,naive-kmeans,40:60
87,90,0.5849999785423279,200,5,200,default,naive-kmeans,40:60
87,91,0.5849999785423279,200,5,200,default,naive-kmeans,40:60
87,92,0.5849999785423279,200,5,200,default,naive-kmeans,40:60
87,93,0.5849999785423279,200,5,200,default,naive-kmeans,40:60
87,94,0.5849999785423279,200,5,200,default,naive-kmeans,40:60
87,95,0.5849999785423279,200,5,200,default,naive-kmeans,40:60
87,96,0.5849999785423279,200,5,200,default,naive-kmeans,40:60
87,97,0.5849999785423279,200,5,200,default,naive-kmeans,40:60
87,98,0.5849999785423279,200,5,200,default,naive-kmeans,40:60
87,99,0.5849999785423279,200,5,200,default,naive-kmeans,40:60
88,0,0.574999988079071,200,5,200,default,naive-kmeans,40:60
88,1,0.5149999856948853,200,5,200,default,naive-kmeans,40:60
88,2,0.5099999904632568,200,5,200,default,naive-kmeans,40:60
88,3,0.5849999785423279,200,5,200,default,naive-kmeans,40:60
88,4,0.5400000214576721,200,5,200,default,naive-kmeans,40:60
88,5,0.5400000214576721,200,5,200,default,naive-kmeans,40:60
88,6,0.574999988079071,200,5,200,default,naive-kmeans,40:60
88,7,0.5450000166893005,200,5,200,default,naive-kmeans,40:60
88,8,0.6050000190734863,200,5,200,default,naive-kmeans,40:60
88,9,0.5899999737739563,200,5,200,default,naive-kmeans,40:60
88,10,0.5799999833106995,200,5,200,default,naive-kmeans,40:60
88,11,0.6000000238418579,200,5,200,default,naive-kmeans,40:60
88,12,0.6050000190734863,200,5,200,default,naive-kmeans,40:60
88,13,0.6050000190734863,200,5,200,default,naive-kmeans,40:60
88,14,0.6050000190734863,200,5,200,default,naive-kmeans,40:60
88,15,0.6050000190734863,200,5,200,default,naive-kmeans,40:60
88,16,0.6050000190734863,200,5,200,default,naive-kmeans,40:60
88,17,0.6050000190734863,200,5,200,default,naive-kmeans,40:60
88,18,0.6050000190734863,200,5,200,default,naive-kmeans,40:60
88,19,0.6050000190734863,200,5,200,default,naive-kmeans,40:60
88,20,0.6050000190734863,200,5,200,default,naive-kmeans,40:60
88,21,0.6050000190734863,200,5,200,default,naive-kmeans,40:60
88,22,0.6050000190734863,200,5,200,default,naive-kmeans,40:60
88,23,0.6050000190734863,200,5,200,default,naive-kmeans,40:60
88,24,0.6050000190734863,200,5,200,default,naive-kmeans,40:60
88,25,0.6050000190734863,200,5,200,default,naive-kmeans,40:60
88,26,0.6050000190734863,200,5,200,default,naive-kmeans,40:60
88,27,0.6050000190734863,200,5,200,default,naive-kmeans,40:60
88,28,0.6050000190734863,200,5,200,default,naive-kmeans,40:60
88,29,0.6050000190734863,200,5,200,default,naive-kmeans,40:60
88,30,0.6050000190734863,200,5,200,default,naive-kmeans,40:60
88,31,0.6050000190734863,200,5,200,default,naive-kmeans,40:60
88,32,0.6050000190734863,200,5,200,default,naive-kmeans,40:60
88,33,0.6050000190734863,200,5,200,default,naive-kmeans,40:60
88,34,0.6050000190734863,200,5,200,default,naive-kmeans,40:60
88,35,0.6050000190734863,200,5,200,default,naive-kmeans,40:60
88,36,0.6050000190734863,200,5,200,default,naive-kmeans,40:60
88,37,0.6050000190734863,200,5,200,default,naive-kmeans,40:60
88,38,0.6050000190734863,200,5,200,default,naive-kmeans,40:60
88,39,0.6050000190734863,200,5,200,default,naive-kmeans,40:60
88,40,0.6050000190734863,200,5,200,default,naive-kmeans,40:60
88,41,0.6050000190734863,200,5,200,default,naive-kmeans,40:60
88,42,0.6050000190734863,200,5,200,default,naive-kmeans,40:60
88,43,0.6050000190734863,200,5,200,default,naive-kmeans,40:60
88,44,0.6050000190734863,200,5,200,default,naive-kmeans,40:60
88,45,0.6050000190734863,200,5,200,default,naive-kmeans,40:60
88,46,0.6050000190734863,200,5,200,default,naive-kmeans,40:60
88,47,0.6050000190734863,200,5,200,default,naive-kmeans,40:60
88,48,0.6050000190734863,200,5,200,default,naive-kmeans,40:60
88,49,0.6050000190734863,200,5,200,default,naive-kmeans,40:60
88,50,0.6050000190734863,200,5,200,default,naive-kmeans,40:60
88,51,0.6050000190734863,200,5,200,default,naive-kmeans,40:60
88,52,0.6050000190734863,200,5,200,default,naive-kmeans,40:60
88,53,0.6050000190734863,200,5,200,default,naive-kmeans,40:60
88,54,0.6050000190734863,200,5,200,default,naive-kmeans,40:60
88,55,0.6050000190734863,200,5,200,default,naive-kmeans,40:60
88,56,0.6050000190734863,200,5,200,default,naive-kmeans,40:60
88,57,0.6050000190734863,200,5,200,default,naive-kmeans,40:60
88,58,0.6050000190734863,200,5,200,default,naive-kmeans,40:60
88,59,0.6050000190734863,200,5,200,default,naive-kmeans,40:60
88,60,0.6050000190734863,200,5,200,default,naive-kmeans,40:60
88,61,0.6050000190734863,200,5,200,default,naive-kmeans,40:60
88,62,0.6050000190734863,200,5,200,default,naive-kmeans,40:60
88,63,0.6050000190734863,200,5,200,default,naive-kmeans,40:60
88,64,0.6050000190734863,200,5,200,default,naive-kmeans,40:60
88,65,0.6050000190734863,200,5,200,default,naive-kmeans,40:60
88,66,0.6050000190734863,200,5,200,default,naive-kmeans,40:60
88,67,0.6050000190734863,200,5,200,default,naive-kmeans,40:60
88,68,0.6050000190734863,200,5,200,default,naive-kmeans,40:60
88,69,0.6050000190734863,200,5,200,default,naive-kmeans,40:60
88,70,0.6050000190734863,200,5,200,default,naive-kmeans,40:60
88,71,0.6050000190734863,200,5,200,default,naive-kmeans,40:60
88,72,0.6050000190734863,200,5,200,default,naive-kmeans,40:60
88,73,0.6050000190734863,200,5,200,default,naive-kmeans,40:60
88,74,0.6050000190734863,200,5,200,default,naive-kmeans,40:60
88,75,0.6050000190734863,200,5,200,default,naive-kmeans,40:60
88,76,0.6050000190734863,200,5,200,default,naive-kmeans,40:60
88,77,0.6050000190734863,200,5,200,default,naive-kmeans,40:60
88,78,0.6050000190734863,200,5,200,default,naive-kmeans,40:60
88,79,0.6050000190734863,200,5,200,default,naive-kmeans,40:60
88,80,0.6050000190734863,200,5,200,default,naive-kmeans,40:60
88,81,0.6050000190734863,200,5,200,default,naive-kmeans,40:60
88,82,0.6050000190734863,200,5,200,default,naive-kmeans,40:60
88,83,0.6050000190734863,200,5,200,default,naive-kmeans,40:60
88,84,0.6050000190734863,200,5,200,default,naive-kmeans,40:60
88,85,0.6050000190734863,200,5,200,default,naive-kmeans,40:60
88,86,0.6050000190734863,200,5,200,default,naive-kmeans,40:60
88,87,0.6050000190734863,200,5,200,default,naive-kmeans,40:60
88,88,0.6050000190734863,200,5,200,default,naive-kmeans,40:60
88,89,0.6050000190734863,200,5,200,default,naive-kmeans,40:60
88,90,0.6050000190734863,200,5,200,default,naive-kmeans,40:60
88,91,0.6050000190734863,200,5,200,default,naive-kmeans,40:60
88,92,0.6050000190734863,200,5,200,default,naive-kmeans,40:60
88,93,0.6050000190734863,200,5,200,default,naive-kmeans,40:60
88,94,0.6050000190734863,200,5,200,default,naive-kmeans,40:60
88,95,0.6050000190734863,200,5,200,default,naive-kmeans,40:60
88,96,0.6050000190734863,200,5,200,default,naive-kmeans,40:60
88,97,0.6050000190734863,200,5,200,default,naive-kmeans,40:60
88,98,0.6050000190734863,200,5,200,default,naive-kmeans,40:60
88,99,0.6050000190734863,200,5,200,default,naive-kmeans,40:60
89,0,0.5600000023841858,200,5,200,default,naive-kmeans,40:60
89,1,0.5600000023841858,200,5,200,default,naive-kmeans,40:60
89,2,0.5099999904632568,200,5,200,default,naive-kmeans,40:60
89,3,0.5299999713897705,200,5,200,default,naive-kmeans,40:60
89,4,0.5699999928474426,200,5,200,default,naive-kmeans,40:60
89,5,0.5899999737739563,200,5,200,default,naive-kmeans,40:60
89,6,0.5950000286102295,200,5,200,default,naive-kmeans,40:60
89,7,0.6000000238418579,200,5,200,default,naive-kmeans,40:60
89,8,0.5550000071525574,200,5,200,default,naive-kmeans,40:60
89,9,0.5849999785423279,200,5,200,default,naive-kmeans,40:60
89,10,0.6000000238418579,200,5,200,default,naive-kmeans,40:60
89,11,0.6000000238418579,200,5,200,default,naive-kmeans,40:60
89,12,0.6000000238418579,200,5,200,default,naive-kmeans,40:60
89,13,0.6000000238418579,200,5,200,default,naive-kmeans,40:60
89,14,0.6000000238418579,200,5,200,default,naive-kmeans,40:60
89,15,0.6000000238418579,200,5,200,default,naive-kmeans,40:60
89,16,0.6000000238418579,200,5,200,default,naive-kmeans,40:60
89,17,0.6000000238418579,200,5,200,default,naive-kmeans,40:60
89,18,0.6000000238418579,200,5,200,default,naive-kmeans,40:60
89,19,0.6000000238418579,200,5,200,default,naive-kmeans,40:60
89,20,0.6000000238418579,200,5,200,default,naive-kmeans,40:60
89,21,0.6000000238418579,200,5,200,default,naive-kmeans,40:60
89,22,0.6000000238418579,200,5,200,default,naive-kmeans,40:60
89,23,0.6000000238418579,200,5,200,default,naive-kmeans,40:60
89,24,0.6000000238418579,200,5,200,default,naive-kmeans,40:60
89,25,0.6000000238418579,200,5,200,default,naive-kmeans,40:60
89,26,0.6000000238418579,200,5,200,default,naive-kmeans,40:60
89,27,0.6000000238418579,200,5,200,default,naive-kmeans,40:60
89,28,0.6000000238418579,200,5,200,default,naive-kmeans,40:60
89,29,0.6000000238418579,200,5,200,default,naive-kmeans,40:60
89,30,0.6000000238418579,200,5,200,default,naive-kmeans,40:60
89,31,0.6000000238418579,200,5,200,default,naive-kmeans,40:60
89,32,0.6000000238418579,200,5,200,default,naive-kmeans,40:60
89,33,0.6000000238418579,200,5,200,default,naive-kmeans,40:60
89,34,0.6000000238418579,200,5,200,default,naive-kmeans,40:60
89,35,0.6000000238418579,200,5,200,default,naive-kmeans,40:60
89,36,0.6000000238418579,200,5,200,default,naive-kmeans,40:60
89,37,0.6000000238418579,200,5,200,default,naive-kmeans,40:60
89,38,0.6000000238418579,200,5,200,default,naive-kmeans,40:60
89,39,0.6000000238418579,200,5,200,default,naive-kmeans,40:60
89,40,0.6000000238418579,200,5,200,default,naive-kmeans,40:60
89,41,0.6000000238418579,200,5,200,default,naive-kmeans,40:60
89,42,0.6000000238418579,200,5,200,default,naive-kmeans,40:60
89,43,0.6000000238418579,200,5,200,default,naive-kmeans,40:60
89,44,0.6000000238418579,200,5,200,default,naive-kmeans,40:60
89,45,0.6000000238418579,200,5,200,default,naive-kmeans,40:60
89,46,0.6000000238418579,200,5,200,default,naive-kmeans,40:60
89,47,0.6000000238418579,200,5,200,default,naive-kmeans,40:60
89,48,0.6000000238418579,200,5,200,default,naive-kmeans,40:60
89,49,0.6000000238418579,200,5,200,default,naive-kmeans,40:60
89,50,0.6000000238418579,200,5,200,default,naive-kmeans,40:60
89,51,0.6000000238418579,200,5,200,default,naive-kmeans,40:60
89,52,0.6000000238418579,200,5,200,default,naive-kmeans,40:60
89,53,0.6000000238418579,200,5,200,default,naive-kmeans,40:60
89,54,0.6000000238418579,200,5,200,default,naive-kmeans,40:60
89,55,0.6000000238418579,200,5,200,default,naive-kmeans,40:60
89,56,0.6000000238418579,200,5,200,default,naive-kmeans,40:60
89,57,0.6000000238418579,200,5,200,default,naive-kmeans,40:60
89,58,0.6000000238418579,200,5,200,default,naive-kmeans,40:60
89,59,0.6000000238418579,200,5,200,default,naive-kmeans,40:60
89,60,0.6000000238418579,200,5,200,default,naive-kmeans,40:60
89,61,0.6000000238418579,200,5,200,default,naive-kmeans,40:60
89,62,0.6000000238418579,200,5,200,default,naive-kmeans,40:60
89,63,0.6000000238418579,200,5,200,default,naive-kmeans,40:60
89,64,0.6000000238418579,200,5,200,default,naive-kmeans,40:60
89,65,0.6000000238418579,200,5,200,default,naive-kmeans,40:60
89,66,0.6000000238418579,200,5,200,default,naive-kmeans,40:60
89,67,0.6000000238418579,200,5,200,default,naive-kmeans,40:60
89,68,0.6000000238418579,200,5,200,default,naive-kmeans,40:60
89,69,0.6000000238418579,200,5,200,default,naive-kmeans,40:60
89,70,0.6000000238418579,200,5,200,default,naive-kmeans,40:60
89,71,0.6000000238418579,200,5,200,default,naive-kmeans,40:60
89,72,0.6000000238418579,200,5,200,default,naive-kmeans,40:60
89,73,0.6000000238418579,200,5,200,default,naive-kmeans,40:60
89,74,0.6000000238418579,200,5,200,default,naive-kmeans,40:60
89,75,0.6000000238418579,200,5,200,default,naive-kmeans,40:60
89,76,0.6000000238418579,200,5,200,default,naive-kmeans,40:60
89,77,0.6000000238418579,200,5,200,default,naive-kmeans,40:60
89,78,0.6000000238418579,200,5,200,default,naive-kmeans,40:60
89,79,0.6000000238418579,200,5,200,default,naive-kmeans,40:60
89,80,0.6000000238418579,200,5,200,default,naive-kmeans,40:60
89,81,0.6000000238418579,200,5,200,default,naive-kmeans,40:60
89,82,0.6000000238418579,200,5,200,default,naive-kmeans,40:60
89,83,0.6000000238418579,200,5,200,default,naive-kmeans,40:60
89,84,0.6000000238418579,200,5,200,default,naive-kmeans,40:60
89,85,0.6000000238418579,200,5,200,default,naive-kmeans,40:60
89,86,0.6000000238418579,200,5,200,default,naive-kmeans,40:60
89,87,0.6000000238418579,200,5,200,default,naive-kmeans,40:60
89,88,0.6000000238418579,200,5,200,default,naive-kmeans,40:60
89,89,0.6000000238418579,200,5,200,default,naive-kmeans,40:60
89,90,0.6000000238418579,200,5,200,default,naive-kmeans,40:60
89,91,0.6000000238418579,200,5,200,default,naive-kmeans,40:60
89,92,0.6000000238418579,200,5,200,default,naive-kmeans,40:60
89,93,0.6000000238418579,200,5,200,default,naive-kmeans,40:60
89,94,0.6000000238418579,200,5,200,default,naive-kmeans,40:60
89,95,0.6000000238418579,200,5,200,default,naive-kmeans,40:60
89,96,0.6000000238418579,200,5,200,default,naive-kmeans,40:60
89,97,0.6000000238418579,200,5,200,default,naive-kmeans,40:60
89,98,0.6000000238418579,200,5,200,default,naive-kmeans,40:60
89,99,0.6000000238418579,200,5,200,default,naive-kmeans,40:60
90,0,0.5649999976158142,200,5,200,default,naive-kmeans,40:60
90,1,0.5049999952316284,200,5,200,default,naive-kmeans,40:60
90,2,0.5550000071525574,200,5,200,default,naive-kmeans,40:60
90,3,0.574999988079071,200,5,200,default,naive-kmeans,40:60
90,4,0.5600000023841858,200,5,200,default,naive-kmeans,40:60
90,5,0.5649999976158142,200,5,200,default,naive-kmeans,40:60
90,6,0.5649999976158142,200,5,200,default,naive-kmeans,40:60
90,7,0.5600000023841858,200,5,200,default,naive-kmeans,40:60
90,8,0.5649999976158142,200,5,200,default,naive-kmeans,40:60
90,9,0.5899999737739563,200,5,200,default,naive-kmeans,40:60
90,10,0.5849999785423279,200,5,200,default,naive-kmeans,40:60
90,11,0.574999988079071,200,5,200,default,naive-kmeans,40:60
90,12,0.5600000023841858,200,5,200,default,naive-kmeans,40:60
90,13,0.5600000023841858,200,5,200,default,naive-kmeans,40:60
90,14,0.574999988079071,200,5,200,default,naive-kmeans,40:60
90,15,0.5350000262260437,200,5,200,default,naive-kmeans,40:60
90,16,0.5550000071525574,200,5,200,default,naive-kmeans,40:60
90,17,0.5450000166893005,200,5,200,default,naive-kmeans,40:60
90,18,0.574999988079071,200,5,200,default,naive-kmeans,40:60
90,19,0.5649999976158142,200,5,200,default,naive-kmeans,40:60
90,20,0.5699999928474426,200,5,200,default,naive-kmeans,40:60
90,21,0.5799999833106995,200,5,200,default,naive-kmeans,40:60
90,22,0.5350000262260437,200,5,200,default,naive-kmeans,40:60
90,23,0.5899999737739563,200,5,200,default,naive-kmeans,40:60
90,24,0.5899999737739563,200,5,200,default,naive-kmeans,40:60
90,25,0.5899999737739563,200,5,200,default,naive-kmeans,40:60
90,26,0.5899999737739563,200,5,200,default,naive-kmeans,40:60
90,27,0.5899999737739563,200,5,200,default,naive-kmeans,40:60
90,28,0.5899999737739563,200,5,200,default,naive-kmeans,40:60
90,29,0.5899999737739563,200,5,200,default,naive-kmeans,40:60
90,30,0.5899999737739563,200,5,200,default,naive-kmeans,40:60
90,31,0.5899999737739563,200,5,200,default,naive-kmeans,40:60
90,32,0.5899999737739563,200,5,200,default,naive-kmeans,40:60
90,33,0.5899999737739563,200,5,200,default,naive-kmeans,40:60
90,34,0.5899999737739563,200,5,200,default,naive-kmeans,40:60
90,35,0.5899999737739563,200,5,200,default,naive-kmeans,40:60
90,36,0.5899999737739563,200,5,200,default,naive-kmeans,40:60
90,37,0.5899999737739563,200,5,200,default,naive-kmeans,40:60
90,38,0.5899999737739563,200,5,200,default,naive-kmeans,40:60
90,39,0.5899999737739563,200,5,200,default,naive-kmeans,40:60
90,40,0.5899999737739563,200,5,200,default,naive-kmeans,40:60
90,41,0.5899999737739563,200,5,200,default,naive-kmeans,40:60
90,42,0.5899999737739563,200,5,200,default,naive-kmeans,40:60
90,43,0.5899999737739563,200,5,200,default,naive-kmeans,40:60
90,44,0.5899999737739563,200,5,200,default,naive-kmeans,40:60
90,45,0.5899999737739563,200,5,200,default,naive-kmeans,40:60
90,46,0.5899999737739563,200,5,200,default,naive-kmeans,40:60
90,47,0.5899999737739563,200,5,200,default,naive-kmeans,40:60
90,48,0.5899999737739563,200,5,200,default,naive-kmeans,40:60
90,49,0.5899999737739563,200,5,200,default,naive-kmeans,40:60
90,50,0.5899999737739563,200,5,200,default,naive-kmeans,40:60
90,51,0.5899999737739563,200,5,200,default,naive-kmeans,40:60
90,52,0.5899999737739563,200,5,200,default,naive-kmeans,40:60
90,53,0.5899999737739563,200,5,200,default,naive-kmeans,40:60
90,54,0.5899999737739563,200,5,200,default,naive-kmeans,40:60
90,55,0.5899999737739563,200,5,200,default,naive-kmeans,40:60
90,56,0.5899999737739563,200,5,200,default,naive-kmeans,40:60
90,57,0.5899999737739563,200,5,200,default,naive-kmeans,40:60
90,58,0.5899999737739563,200,5,200,default,naive-kmeans,40:60
90,59,0.5899999737739563,200,5,200,default,naive-kmeans,40:60
90,60,0.5899999737739563,200,5,200,default,naive-kmeans,40:60
90,61,0.5899999737739563,200,5,200,default,naive-kmeans,40:60
90,62,0.5899999737739563,200,5,200,default,naive-kmeans,40:60
90,63,0.5899999737739563,200,5,200,default,naive-kmeans,40:60
90,64,0.5899999737739563,200,5,200,default,naive-kmeans,40:60
90,65,0.5899999737739563,200,5,200,default,naive-kmeans,40:60
90,66,0.5899999737739563,200,5,200,default,naive-kmeans,40:60
90,67,0.5899999737739563,200,5,200,default,naive-kmeans,40:60
90,68,0.5899999737739563,200,5,200,default,naive-kmeans,40:60
90,69,0.5899999737739563,200,5,200,default,naive-kmeans,40:60
90,70,0.5899999737739563,200,5,200,default,naive-kmeans,40:60
90,71,0.5899999737739563,200,5,200,default,naive-kmeans,40:60
90,72,0.5899999737739563,200,5,200,default,naive-kmeans,40:60
90,73,0.5899999737739563,200,5,200,default,naive-kmeans,40:60
90,74,0.5899999737739563,200,5,200,default,naive-kmeans,40:60
90,75,0.5899999737739563,200,5,200,default,naive-kmeans,40:60
90,76,0.5899999737739563,200,5,200,default,naive-kmeans,40:60
90,77,0.5899999737739563,200,5,200,default,naive-kmeans,40:60
90,78,0.5899999737739563,200,5,200,default,naive-kmeans,40:60
90,79,0.5899999737739563,200,5,200,default,naive-kmeans,40:60
90,80,0.5899999737739563,200,5,200,default,naive-kmeans,40:60
90,81,0.5899999737739563,200,5,200,default,naive-kmeans,40:60
90,82,0.5899999737739563,200,5,200,default,naive-kmeans,40:60
90,83,0.5899999737739563,200,5,200,default,naive-kmeans,40:60
90,84,0.5899999737739563,200,5,200,default,naive-kmeans,40:60
90,85,0.5899999737739563,200,5,200,default,naive-kmeans,40:60
90,86,0.5899999737739563,200,5,200,default,naive-kmeans,40:60
90,87,0.5899999737739563,200,5,200,default,naive-kmeans,40:60
90,88,0.5899999737739563,200,5,200,default,naive-kmeans,40:60
90,89,0.5899999737739563,200,5,200,default,naive-kmeans,40:60
90,90,0.5899999737739563,200,5,200,default,naive-kmeans,40:60
90,91,0.5899999737739563,200,5,200,default,naive-kmeans,40:60
90,92,0.5899999737739563,200,5,200,default,naive-kmeans,40:60
90,93,0.5899999737739563,200,5,200,default,naive-kmeans,40:60
90,94,0.5899999737739563,200,5,200,default,naive-kmeans,40:60
90,95,0.5899999737739563,200,5,200,default,naive-kmeans,40:60
90,96,0.5899999737739563,200,5,200,default,naive-kmeans,40:60
90,97,0.5899999737739563,200,5,200,default,naive-kmeans,40:60
90,98,0.5899999737739563,200,5,200,default,naive-kmeans,40:60
90,99,0.5899999737739563,200,5,200,default,naive-kmeans,40:60
91,0,0.5350000262260437,200,5,200,default,naive-kmeans,40:60
91,1,0.5550000071525574,200,5,200,default,naive-kmeans,40:60
91,2,0.5600000023841858,200,5,200,default,naive-kmeans,40:60
91,3,0.550000011920929,200,5,200,default,naive-kmeans,40:60
91,4,0.5550000071525574,200,5,200,default,naive-kmeans,40:60
91,5,0.5049999952316284,200,5,200,default,naive-kmeans,40:60
91,6,0.5049999952316284,200,5,200,default,naive-kmeans,40:60
91,7,0.5350000262260437,200,5,200,default,naive-kmeans,40:60
91,8,0.5550000071525574,200,5,200,default,naive-kmeans,40:60
91,9,0.5350000262260437,200,5,200,default,naive-kmeans,40:60
91,10,0.5299999713897705,200,5,200,default,naive-kmeans,40:60
91,11,0.5350000262260437,200,5,200,default,naive-kmeans,40:60
91,12,0.5600000023841858,200,5,200,default,naive-kmeans,40:60
91,13,0.5600000023841858,200,5,200,default,naive-kmeans,40:60
91,14,0.5600000023841858,200,5,200,default,naive-kmeans,40:60
91,15,0.5600000023841858,200,5,200,default,naive-kmeans,40:60
91,16,0.5600000023841858,200,5,200,default,naive-kmeans,40:60
91,17,0.5600000023841858,200,5,200,default,naive-kmeans,40:60
91,18,0.5600000023841858,200,5,200,default,naive-kmeans,40:60
91,19,0.5600000023841858,200,5,200,default,naive-kmeans,40:60
91,20,0.5600000023841858,200,5,200,default,naive-kmeans,40:60
91,21,0.5600000023841858,200,5,200,default,naive-kmeans,40:60
91,22,0.5600000023841858,200,5,200,default,naive-kmeans,40:60
91,23,0.5600000023841858,200,5,200,default,naive-kmeans,40:60
91,24,0.5600000023841858,200,5,200,default,naive-kmeans,40:60
91,25,0.5600000023841858,200,5,200,default,naive-kmeans,40:60
91,26,0.5600000023841858,200,5,200,default,naive-kmeans,40:60
91,27,0.5600000023841858,200,5,200,default,naive-kmeans,40:60
91,28,0.5600000023841858,200,5,200,default,naive-kmeans,40:60
91,29,0.5600000023841858,200,5,200,default,naive-kmeans,40:60
91,30,0.5600000023841858,200,5,200,default,naive-kmeans,40:60
91,31,0.5600000023841858,200,5,200,default,naive-kmeans,40:60
91,32,0.5600000023841858,200,5,200,default,naive-kmeans,40:60
91,33,0.5600000023841858,200,5,200,default,naive-kmeans,40:60
91,34,0.5600000023841858,200,5,200,default,naive-kmeans,40:60
91,35,0.5600000023841858,200,5,200,default,naive-kmeans,40:60
91,36,0.5600000023841858,200,5,200,default,naive-kmeans,40:60
91,37,0.5600000023841858,200,5,200,default,naive-kmeans,40:60
91,38,0.5600000023841858,200,5,200,default,naive-kmeans,40:60
91,39,0.5600000023841858,200,5,200,default,naive-kmeans,40:60
91,40,0.5600000023841858,200,5,200,default,naive-kmeans,40:60
91,41,0.5600000023841858,200,5,200,default,naive-kmeans,40:60
91,42,0.5600000023841858,200,5,200,default,naive-kmeans,40:60
91,43,0.5600000023841858,200,5,200,default,naive-kmeans,40:60
91,44,0.5600000023841858,200,5,200,default,naive-kmeans,40:60
91,45,0.5600000023841858,200,5,200,default,naive-kmeans,40:60
91,46,0.5600000023841858,200,5,200,default,naive-kmeans,40:60
91,47,0.5600000023841858,200,5,200,default,naive-kmeans,40:60
91,48,0.5600000023841858,200,5,200,default,naive-kmeans,40:60
91,49,0.5600000023841858,200,5,200,default,naive-kmeans,40:60
91,50,0.5600000023841858,200,5,200,default,naive-kmeans,40:60
91,51,0.5600000023841858,200,5,200,default,naive-kmeans,40:60
91,52,0.5600000023841858,200,5,200,default,naive-kmeans,40:60
91,53,0.5600000023841858,200,5,200,default,naive-kmeans,40:60
91,54,0.5600000023841858,200,5,200,default,naive-kmeans,40:60
91,55,0.5600000023841858,200,5,200,default,naive-kmeans,40:60
91,56,0.5600000023841858,200,5,200,default,naive-kmeans,40:60
91,57,0.5600000023841858,200,5,200,default,naive-kmeans,40:60
91,58,0.5600000023841858,200,5,200,default,naive-kmeans,40:60
91,59,0.5600000023841858,200,5,200,default,naive-kmeans,40:60
91,60,0.5600000023841858,200,5,200,default,naive-kmeans,40:60
91,61,0.5600000023841858,200,5,200,default,naive-kmeans,40:60
91,62,0.5600000023841858,200,5,200,default,naive-kmeans,40:60
91,63,0.5600000023841858,200,5,200,default,naive-kmeans,40:60
91,64,0.5600000023841858,200,5,200,default,naive-kmeans,40:60
91,65,0.5600000023841858,200,5,200,default,naive-kmeans,40:60
91,66,0.5600000023841858,200,5,200,default,naive-kmeans,40:60
91,67,0.5600000023841858,200,5,200,default,naive-kmeans,40:60
91,68,0.5600000023841858,200,5,200,default,naive-kmeans,40:60
91,69,0.5600000023841858,200,5,200,default,naive-kmeans,40:60
91,70,0.5600000023841858,200,5,200,default,naive-kmeans,40:60
91,71,0.5600000023841858,200,5,200,default,naive-kmeans,40:60
91,72,0.5600000023841858,200,5,200,default,naive-kmeans,40:60
91,73,0.5600000023841858,200,5,200,default,naive-kmeans,40:60
91,74,0.5600000023841858,200,5,200,default,naive-kmeans,40:60
91,75,0.5600000023841858,200,5,200,default,naive-kmeans,40:60
91,76,0.5600000023841858,200,5,200,default,naive-kmeans,40:60
91,77,0.5600000023841858,200,5,200,default,naive-kmeans,40:60
91,78,0.5600000023841858,200,5,200,default,naive-kmeans,40:60
91,79,0.5600000023841858,200,5,200,default,naive-kmeans,40:60
91,80,0.5600000023841858,200,5,200,default,naive-kmeans,40:60
91,81,0.5600000023841858,200,5,200,default,naive-kmeans,40:60
91,82,0.5600000023841858,200,5,200,default,naive-kmeans,40:60
91,83,0.5600000023841858,200,5,200,default,naive-kmeans,40:60
91,84,0.5600000023841858,200,5,200,default,naive-kmeans,40:60
91,85,0.5600000023841858,200,5,200,default,naive-kmeans,40:60
91,86,0.5600000023841858,200,5,200,default,naive-kmeans,40:60
91,87,0.5600000023841858,200,5,200,default,naive-kmeans,40:60
91,88,0.5600000023841858,200,5,200,default,naive-kmeans,40:60
91,89,0.5600000023841858,200,5,200,default,naive-kmeans,40:60
91,90,0.5600000023841858,200,5,200,default,naive-kmeans,40:60
91,91,0.5600000023841858,200,5,200,default,naive-kmeans,40:60
91,92,0.5600000023841858,200,5,200,default,naive-kmeans,40:60
91,93,0.5600000023841858,200,5,200,default,naive-kmeans,40:60
91,94,0.5600000023841858,200,5,200,default,naive-kmeans,40:60
91,95,0.5600000023841858,200,5,200,default,naive-kmeans,40:60
91,96,0.5600000023841858,200,5,200,default,naive-kmeans,40:60
91,97,0.5600000023841858,200,5,200,default,naive-kmeans,40:60
91,98,0.5600000023841858,200,5,200,default,naive-kmeans,40:60
91,99,0.5600000023841858,200,5,200,default,naive-kmeans,40:60
92,0,0.5299999713897705,200,5,200,default,naive-kmeans,40:60
92,1,0.5149999856948853,200,5,200,default,naive-kmeans,40:60
92,2,0.5099999904632568,200,5,200,default,naive-kmeans,40:60
92,3,0.5199999809265137,200,5,200,default,naive-kmeans,40:60
92,4,0.5699999928474426,200,5,200,default,naive-kmeans,40:60
92,5,0.5199999809265137,200,5,200,default,naive-kmeans,40:60
92,6,0.5600000023841858,200,5,200,default,naive-kmeans,40:60
92,7,0.5350000262260437,200,5,200,default,naive-kmeans,40:60
92,8,0.5249999761581421,200,5,200,default,naive-kmeans,40:60
92,9,0.5099999904632568,200,5,200,default,naive-kmeans,40:60
92,10,0.5699999928474426,200,5,200,default,naive-kmeans,40:60
92,11,0.5799999833106995,200,5,200,default,naive-kmeans,40:60
92,12,0.5799999833106995,200,5,200,default,naive-kmeans,40:60
92,13,0.5799999833106995,200,5,200,default,naive-kmeans,40:60
92,14,0.5799999833106995,200,5,200,default,naive-kmeans,40:60
92,15,0.5799999833106995,200,5,200,default,naive-kmeans,40:60
92,16,0.5799999833106995,200,5,200,default,naive-kmeans,40:60
92,17,0.5799999833106995,200,5,200,default,naive-kmeans,40:60
92,18,0.5799999833106995,200,5,200,default,naive-kmeans,40:60
92,19,0.5799999833106995,200,5,200,default,naive-kmeans,40:60
92,20,0.5799999833106995,200,5,200,default,naive-kmeans,40:60
92,21,0.5799999833106995,200,5,200,default,naive-kmeans,40:60
92,22,0.5799999833106995,200,5,200,default,naive-kmeans,40:60
92,23,0.5799999833106995,200,5,200,default,naive-kmeans,40:60
92,24,0.5799999833106995,200,5,200,default,naive-kmeans,40:60
92,25,0.5799999833106995,200,5,200,default,naive-kmeans,40:60
92,26,0.5799999833106995,200,5,200,default,naive-kmeans,40:60
92,27,0.5799999833106995,200,5,200,default,naive-kmeans,40:60
92,28,0.5799999833106995,200,5,200,default,naive-kmeans,40:60
92,29,0.5799999833106995,200,5,200,default,naive-kmeans,40:60
92,30,0.5799999833106995,200,5,200,default,naive-kmeans,40:60
92,31,0.5799999833106995,200,5,200,default,naive-kmeans,40:60
92,32,0.5799999833106995,200,5,200,default,naive-kmeans,40:60
92,33,0.5799999833106995,200,5,200,default,naive-kmeans,40:60
92,34,0.5799999833106995,200,5,200,default,naive-kmeans,40:60
92,35,0.5799999833106995,200,5,200,default,naive-kmeans,40:60
92,36,0.5799999833106995,200,5,200,default,naive-kmeans,40:60
92,37,0.5799999833106995,200,5,200,default,naive-kmeans,40:60
92,38,0.5799999833106995,200,5,200,default,naive-kmeans,40:60
92,39,0.5799999833106995,200,5,200,default,naive-kmeans,40:60
92,40,0.5799999833106995,200,5,200,default,naive-kmeans,40:60
92,41,0.5799999833106995,200,5,200,default,naive-kmeans,40:60
92,42,0.5799999833106995,200,5,200,default,naive-kmeans,40:60
92,43,0.5799999833106995,200,5,200,default,naive-kmeans,40:60
92,44,0.5799999833106995,200,5,200,default,naive-kmeans,40:60
92,45,0.5799999833106995,200,5,200,default,naive-kmeans,40:60
92,46,0.5799999833106995,200,5,200,default,naive-kmeans,40:60
92,47,0.5799999833106995,200,5,200,default,naive-kmeans,40:60
92,48,0.5799999833106995,200,5,200,default,naive-kmeans,40:60
92,49,0.5799999833106995,200,5,200,default,naive-kmeans,40:60
92,50,0.5799999833106995,200,5,200,default,naive-kmeans,40:60
92,51,0.5799999833106995,200,5,200,default,naive-kmeans,40:60
92,52,0.5799999833106995,200,5,200,default,naive-kmeans,40:60
92,53,0.5799999833106995,200,5,200,default,naive-kmeans,40:60
92,54,0.5799999833106995,200,5,200,default,naive-kmeans,40:60
92,55,0.5799999833106995,200,5,200,default,naive-kmeans,40:60
92,56,0.5799999833106995,200,5,200,default,naive-kmeans,40:60
92,57,0.5799999833106995,200,5,200,default,naive-kmeans,40:60
92,58,0.5799999833106995,200,5,200,default,naive-kmeans,40:60
92,59,0.5799999833106995,200,5,200,default,naive-kmeans,40:60
92,60,0.5799999833106995,200,5,200,default,naive-kmeans,40:60
92,61,0.5799999833106995,200,5,200,default,naive-kmeans,40:60
92,62,0.5799999833106995,200,5,200,default,naive-kmeans,40:60
92,63,0.5799999833106995,200,5,200,default,naive-kmeans,40:60
92,64,0.5799999833106995,200,5,200,default,naive-kmeans,40:60
92,65,0.5799999833106995,200,5,200,default,naive-kmeans,40:60
92,66,0.5799999833106995,200,5,200,default,naive-kmeans,40:60
92,67,0.5799999833106995,200,5,200,default,naive-kmeans,40:60
92,68,0.5799999833106995,200,5,200,default,naive-kmeans,40:60
92,69,0.5799999833106995,200,5,200,default,naive-kmeans,40:60
92,70,0.5799999833106995,200,5,200,default,naive-kmeans,40:60
92,71,0.5799999833106995,200,5,200,default,naive-kmeans,40:60
92,72,0.5799999833106995,200,5,200,default,naive-kmeans,40:60
92,73,0.5799999833106995,200,5,200,default,naive-kmeans,40:60
92,74,0.5799999833106995,200,5,200,default,naive-kmeans,40:60
92,75,0.5799999833106995,200,5,200,default,naive-kmeans,40:60
92,76,0.5799999833106995,200,5,200,default,naive-kmeans,40:60
92,77,0.5799999833106995,200,5,200,default,naive-kmeans,40:60
92,78,0.5799999833106995,200,5,200,default,naive-kmeans,40:60
92,79,0.5799999833106995,200,5,200,default,naive-kmeans,40:60
92,80,0.5799999833106995,200,5,200,default,naive-kmeans,40:60
92,81,0.5799999833106995,200,5,200,default,naive-kmeans,40:60
92,82,0.5799999833106995,200,5,200,default,naive-kmeans,40:60
92,83,0.5799999833106995,200,5,200,default,naive-kmeans,40:60
92,84,0.5799999833106995,200,5,200,default,naive-kmeans,40:60
92,85,0.5799999833106995,200,5,200,default,naive-kmeans,40:60
92,86,0.5799999833106995,200,5,200,default,naive-kmeans,40:60
92,87,0.5799999833106995,200,5,200,default,naive-kmeans,40:60
92,88,0.5799999833106995,200,5,200,default,naive-kmeans,40:60
92,89,0.5799999833106995,200,5,200,default,naive-kmeans,40:60
92,90,0.5799999833106995,200,5,200,default,naive-kmeans,40:60
92,91,0.5799999833106995,200,5,200,default,naive-kmeans,40:60
92,92,0.5799999833106995,200,5,200,default,naive-kmeans,40:60
92,93,0.5799999833106995,200,5,200,default,naive-kmeans,40:60
92,94,0.5799999833106995,200,5,200,default,naive-kmeans,40:60
92,95,0.5799999833106995,200,5,200,default,naive-kmeans,40:60
92,96,0.5799999833106995,200,5,200,default,naive-kmeans,40:60
92,97,0.5799999833106995,200,5,200,default,naive-kmeans,40:60
92,98,0.5799999833106995,200,5,200,default,naive-kmeans,40:60
92,99,0.5799999833106995,200,5,200,default,naive-kmeans,40:60
93,0,0.5600000023841858,200,5,200,default,naive-kmeans,40:60
93,1,0.5649999976158142,200,5,200,default,naive-kmeans,40:60
93,2,0.550000011920929,200,5,200,default,naive-kmeans,40:60
93,3,0.5699999928474426,200,5,200,default,naive-kmeans,40:60
93,4,0.5550000071525574,200,5,200,default,naive-kmeans,40:60
93,5,0.5149999856948853,200,5,200,default,naive-kmeans,40:60
93,6,0.5249999761581421,200,5,200,default,naive-kmeans,40:60
93,7,0.5199999809265137,200,5,200,default,naive-kmeans,40:60
93,8,0.5699999928474426,200,5,200,default,naive-kmeans,40:60
93,9,0.5699999928474426,200,5,200,default,naive-kmeans,40:60
93,10,0.5699999928474426,200,5,200,default,naive-kmeans,40:60
93,11,0.5699999928474426,200,5,200,default,naive-kmeans,40:60
93,12,0.5699999928474426,200,5,200,default,naive-kmeans,40:60
93,13,0.5699999928474426,200,5,200,default,naive-kmeans,40:60
93,14,0.5699999928474426,200,5,200,default,naive-kmeans,40:60
93,15,0.5699999928474426,200,5,200,default,naive-kmeans,40:60
93,16,0.5699999928474426,200,5,200,default,naive-kmeans,40:60
93,17,0.5699999928474426,200,5,200,default,naive-kmeans,40:60
93,18,0.5699999928474426,200,5,200,default,naive-kmeans,40:60
93,19,0.5699999928474426,200,5,200,default,naive-kmeans,40:60
93,20,0.5699999928474426,200,5,200,default,naive-kmeans,40:60
93,21,0.5699999928474426,200,5,200,default,naive-kmeans,40:60
93,22,0.5699999928474426,200,5,200,default,naive-kmeans,40:60
93,23,0.5699999928474426,200,5,200,default,naive-kmeans,40:60
93,24,0.5699999928474426,200,5,200,default,naive-kmeans,40:60
93,25,0.5699999928474426,200,5,200,default,naive-kmeans,40:60
93,26,0.5699999928474426,200,5,200,default,naive-kmeans,40:60
93,27,0.5699999928474426,200,5,200,default,naive-kmeans,40:60
93,28,0.5699999928474426,200,5,200,default,naive-kmeans,40:60
93,29,0.5699999928474426,200,5,200,default,naive-kmeans,40:60
93,30,0.5699999928474426,200,5,200,default,naive-kmeans,40:60
93,31,0.5699999928474426,200,5,200,default,naive-kmeans,40:60
93,32,0.5699999928474426,200,5,200,default,naive-kmeans,40:60
93,33,0.5699999928474426,200,5,200,default,naive-kmeans,40:60
93,34,0.5699999928474426,200,5,200,default,naive-kmeans,40:60
93,35,0.5699999928474426,200,5,200,default,naive-kmeans,40:60
93,36,0.5699999928474426,200,5,200,default,naive-kmeans,40:60
93,37,0.5699999928474426,200,5,200,default,naive-kmeans,40:60
93,38,0.5699999928474426,200,5,200,default,naive-kmeans,40:60
93,39,0.5699999928474426,200,5,200,default,naive-kmeans,40:60
93,40,0.5699999928474426,200,5,200,default,naive-kmeans,40:60
93,41,0.5699999928474426,200,5,200,default,naive-kmeans,40:60
93,42,0.5699999928474426,200,5,200,default,naive-kmeans,40:60
93,43,0.5699999928474426,200,5,200,default,naive-kmeans,40:60
93,44,0.5699999928474426,200,5,200,default,naive-kmeans,40:60
93,45,0.5699999928474426,200,5,200,default,naive-kmeans,40:60
93,46,0.5699999928474426,200,5,200,default,naive-kmeans,40:60
93,47,0.5699999928474426,200,5,200,default,naive-kmeans,40:60
93,48,0.5699999928474426,200,5,200,default,naive-kmeans,40:60
93,49,0.5699999928474426,200,5,200,default,naive-kmeans,40:60
93,50,0.5699999928474426,200,5,200,default,naive-kmeans,40:60
93,51,0.5699999928474426,200,5,200,default,naive-kmeans,40:60
93,52,0.5699999928474426,200,5,200,default,naive-kmeans,40:60
93,53,0.5699999928474426,200,5,200,default,naive-kmeans,40:60
93,54,0.5699999928474426,200,5,200,default,naive-kmeans,40:60
93,55,0.5699999928474426,200,5,200,default,naive-kmeans,40:60
93,56,0.5699999928474426,200,5,200,default,naive-kmeans,40:60
93,57,0.5699999928474426,200,5,200,default,naive-kmeans,40:60
93,58,0.5699999928474426,200,5,200,default,naive-kmeans,40:60
93,59,0.5699999928474426,200,5,200,default,naive-kmeans,40:60
93,60,0.5699999928474426,200,5,200,default,naive-kmeans,40:60
93,61,0.5699999928474426,200,5,200,default,naive-kmeans,40:60
93,62,0.5699999928474426,200,5,200,default,naive-kmeans,40:60
93,63,0.5699999928474426,200,5,200,default,naive-kmeans,40:60
93,64,0.5699999928474426,200,5,200,default,naive-kmeans,40:60
93,65,0.5699999928474426,200,5,200,default,naive-kmeans,40:60
93,66,0.5699999928474426,200,5,200,default,naive-kmeans,40:60
93,67,0.5699999928474426,200,5,200,default,naive-kmeans,40:60
93,68,0.5699999928474426,200,5,200,default,naive-kmeans,40:60
93,69,0.5699999928474426,200,5,200,default,naive-kmeans,40:60
93,70,0.5699999928474426,200,5,200,default,naive-kmeans,40:60
93,71,0.5699999928474426,200,5,200,default,naive-kmeans,40:60
93,72,0.5699999928474426,200,5,200,default,naive-kmeans,40:60
93,73,0.5699999928474426,200,5,200,default,naive-kmeans,40:60
93,74,0.5699999928474426,200,5,200,default,naive-kmeans,40:60
93,75,0.5699999928474426,200,5,200,default,naive-kmeans,40:60
93,76,0.5699999928474426,200,5,200,default,naive-kmeans,40:60
93,77,0.5699999928474426,200,5,200,default,naive-kmeans,40:60
93,78,0.5699999928474426,200,5,200,default,naive-kmeans,40:60
93,79,0.5699999928474426,200,5,200,default,naive-kmeans,40:60
93,80,0.5699999928474426,200,5,200,default,naive-kmeans,40:60
93,81,0.5699999928474426,200,5,200,default,naive-kmeans,40:60
93,82,0.5699999928474426,200,5,200,default,naive-kmeans,40:60
93,83,0.5699999928474426,200,5,200,default,naive-kmeans,40:60
93,84,0.5699999928474426,200,5,200,default,naive-kmeans,40:60
93,85,0.5699999928474426,200,5,200,default,naive-kmeans,40:60
93,86,0.5699999928474426,200,5,200,default,naive-kmeans,40:60
93,87,0.5699999928474426,200,5,200,default,naive-kmeans,40:60
93,88,0.5699999928474426,200,5,200,default,naive-kmeans,40:60
93,89,0.5699999928474426,200,5,200,default,naive-kmeans,40:60
93,90,0.5699999928474426,200,5,200,default,naive-kmeans,40:60
93,91,0.5699999928474426,200,5,200,default,naive-kmeans,40:60
93,92,0.5699999928474426,200,5,200,default,naive-kmeans,40:60
93,93,0.5699999928474426,200,5,200,default,naive-kmeans,40:60
93,94,0.5699999928474426,200,5,200,default,naive-kmeans,40:60
93,95,0.5699999928474426,200,5,200,default,naive-kmeans,40:60
93,96,0.5699999928474426,200,5,200,default,naive-kmeans,40:60
93,97,0.5699999928474426,200,5,200,default,naive-kmeans,40:60
93,98,0.5699999928474426,200,5,200,default,naive-kmeans,40:60
93,99,0.5699999928474426,200,5,200,default,naive-kmeans,40:60
94,0,0.5149999856948853,200,5,200,default,naive-kmeans,40:60
94,1,0.5350000262260437,200,5,200,default,naive-kmeans,40:60
94,2,0.4650000035762787,200,5,200,default,naive-kmeans,40:60
94,3,0.5199999809265137,200,5,200,default,naive-kmeans,40:60
94,4,0.5600000023841858,200,5,200,default,naive-kmeans,40:60
94,5,0.5450000166893005,200,5,200,default,naive-kmeans,40:60
94,6,0.550000011920929,200,5,200,default,naive-kmeans,40:60
94,7,0.550000011920929,200,5,200,default,naive-kmeans,40:60
94,8,0.5600000023841858,200,5,200,default,naive-kmeans,40:60
94,9,0.5600000023841858,200,5,200,default,naive-kmeans,40:60
94,10,0.5600000023841858,200,5,200,default,naive-kmeans,40:60
94,11,0.5600000023841858,200,5,200,default,naive-kmeans,40:60
94,12,0.5600000023841858,200,5,200,default,naive-kmeans,40:60
94,13,0.5600000023841858,200,5,200,default,naive-kmeans,40:60
94,14,0.5600000023841858,200,5,200,default,naive-kmeans,40:60
94,15,0.5600000023841858,200,5,200,default,naive-kmeans,40:60
94,16,0.5600000023841858,200,5,200,default,naive-kmeans,40:60
94,17,0.5600000023841858,200,5,200,default,naive-kmeans,40:60
94,18,0.5600000023841858,200,5,200,default,naive-kmeans,40:60
94,19,0.5600000023841858,200,5,200,default,naive-kmeans,40:60
94,20,0.5600000023841858,200,5,200,default,naive-kmeans,40:60
94,21,0.5600000023841858,200,5,200,default,naive-kmeans,40:60
94,22,0.5600000023841858,200,5,200,default,naive-kmeans,40:60
94,23,0.5600000023841858,200,5,200,default,naive-kmeans,40:60
94,24,0.5600000023841858,200,5,200,default,naive-kmeans,40:60
94,25,0.5600000023841858,200,5,200,default,naive-kmeans,40:60
94,26,0.5600000023841858,200,5,200,default,naive-kmeans,40:60
94,27,0.5600000023841858,200,5,200,default,naive-kmeans,40:60
94,28,0.5600000023841858,200,5,200,default,naive-kmeans,40:60
94,29,0.5600000023841858,200,5,200,default,naive-kmeans,40:60
94,30,0.5600000023841858,200,5,200,default,naive-kmeans,40:60
94,31,0.5600000023841858,200,5,200,default,naive-kmeans,40:60
94,32,0.5600000023841858,200,5,200,default,naive-kmeans,40:60
94,33,0.5600000023841858,200,5,200,default,naive-kmeans,40:60
94,34,0.5600000023841858,200,5,200,default,naive-kmeans,40:60
94,35,0.5600000023841858,200,5,200,default,naive-kmeans,40:60
94,36,0.5600000023841858,200,5,200,default,naive-kmeans,40:60
94,37,0.5600000023841858,200,5,200,default,naive-kmeans,40:60
94,38,0.5600000023841858,200,5,200,default,naive-kmeans,40:60
94,39,0.5600000023841858,200,5,200,default,naive-kmeans,40:60
94,40,0.5600000023841858,200,5,200,default,naive-kmeans,40:60
94,41,0.5600000023841858,200,5,200,default,naive-kmeans,40:60
94,42,0.5600000023841858,200,5,200,default,naive-kmeans,40:60
94,43,0.5600000023841858,200,5,200,default,naive-kmeans,40:60
94,44,0.5600000023841858,200,5,200,default,naive-kmeans,40:60
94,45,0.5600000023841858,200,5,200,default,naive-kmeans,40:60
94,46,0.5600000023841858,200,5,200,default,naive-kmeans,40:60
94,47,0.5600000023841858,200,5,200,default,naive-kmeans,40:60
94,48,0.5600000023841858,200,5,200,default,naive-kmeans,40:60
94,49,0.5600000023841858,200,5,200,default,naive-kmeans,40:60
94,50,0.5600000023841858,200,5,200,default,naive-kmeans,40:60
94,51,0.5600000023841858,200,5,200,default,naive-kmeans,40:60
94,52,0.5600000023841858,200,5,200,default,naive-kmeans,40:60
94,53,0.5600000023841858,200,5,200,default,naive-kmeans,40:60
94,54,0.5600000023841858,200,5,200,default,naive-kmeans,40:60
94,55,0.5600000023841858,200,5,200,default,naive-kmeans,40:60
94,56,0.5600000023841858,200,5,200,default,naive-kmeans,40:60
94,57,0.5600000023841858,200,5,200,default,naive-kmeans,40:60
94,58,0.5600000023841858,200,5,200,default,naive-kmeans,40:60
94,59,0.5600000023841858,200,5,200,default,naive-kmeans,40:60
94,60,0.5600000023841858,200,5,200,default,naive-kmeans,40:60
94,61,0.5600000023841858,200,5,200,default,naive-kmeans,40:60
94,62,0.5600000023841858,200,5,200,default,naive-kmeans,40:60
94,63,0.5600000023841858,200,5,200,default,naive-kmeans,40:60
94,64,0.5600000023841858,200,5,200,default,naive-kmeans,40:60
94,65,0.5600000023841858,200,5,200,default,naive-kmeans,40:60
94,66,0.5600000023841858,200,5,200,default,naive-kmeans,40:60
94,67,0.5600000023841858,200,5,200,default,naive-kmeans,40:60
94,68,0.5600000023841858,200,5,200,default,naive-kmeans,40:60
94,69,0.5600000023841858,200,5,200,default,naive-kmeans,40:60
94,70,0.5600000023841858,200,5,200,default,naive-kmeans,40:60
94,71,0.5600000023841858,200,5,200,default,naive-kmeans,40:60
94,72,0.5600000023841858,200,5,200,default,naive-kmeans,40:60
94,73,0.5600000023841858,200,5,200,default,naive-kmeans,40:60
94,74,0.5600000023841858,200,5,200,default,naive-kmeans,40:60
94,75,0.5600000023841858,200,5,200,default,naive-kmeans,40:60
94,76,0.5600000023841858,200,5,200,default,naive-kmeans,40:60
94,77,0.5600000023841858,200,5,200,default,naive-kmeans,40:60
94,78,0.5600000023841858,200,5,200,default,naive-kmeans,40:60
94,79,0.5600000023841858,200,5,200,default,naive-kmeans,40:60
94,80,0.5600000023841858,200,5,200,default,naive-kmeans,40:60
94,81,0.5600000023841858,200,5,200,default,naive-kmeans,40:60
94,82,0.5600000023841858,200,5,200,default,naive-kmeans,40:60
94,83,0.5600000023841858,200,5,200,default,naive-kmeans,40:60
94,84,0.5600000023841858,200,5,200,default,naive-kmeans,40:60
94,85,0.5600000023841858,200,5,200,default,naive-kmeans,40:60
94,86,0.5600000023841858,200,5,200,default,naive-kmeans,40:60
94,87,0.5600000023841858,200,5,200,default,naive-kmeans,40:60
94,88,0.5600000023841858,200,5,200,default,naive-kmeans,40:60
94,89,0.5600000023841858,200,5,200,default,naive-kmeans,40:60
94,90,0.5600000023841858,200,5,200,default,naive-kmeans,40:60
94,91,0.5600000023841858,200,5,200,default,naive-kmeans,40:60
94,92,0.5600000023841858,200,5,200,default,naive-kmeans,40:60
94,93,0.5600000023841858,200,5,200,default,naive-kmeans,40:60
94,94,0.5600000023841858,200,5,200,default,naive-kmeans,40:60
94,95,0.5600000023841858,200,5,200,default,naive-kmeans,40:60
94,96,0.5600000023841858,200,5,200,default,naive-kmeans,40:60
94,97,0.5600000023841858,200,5,200,default,naive-kmeans,40:60
94,98,0.5600000023841858,200,5,200,default,naive-kmeans,40:60
94,99,0.5600000023841858,200,5,200,default,naive-kmeans,40:60
95,0,0.4399999976158142,200,5,200,default,naive-kmeans,40:60
95,1,0.5350000262260437,200,5,200,default,naive-kmeans,40:60
95,2,0.5600000023841858,200,5,200,default,naive-kmeans,40:60
95,3,0.550000011920929,200,5,200,default,naive-kmeans,40:60
95,4,0.5600000023841858,200,5,200,default,naive-kmeans,40:60
95,5,0.5149999856948853,200,5,200,default,naive-kmeans,40:60
95,6,0.550000011920929,200,5,200,default,naive-kmeans,40:60
95,7,0.550000011920929,200,5,200,default,naive-kmeans,40:60
95,8,0.5249999761581421,200,5,200,default,naive-kmeans,40:60
95,9,0.5600000023841858,200,5,200,default,naive-kmeans,40:60
95,10,0.5649999976158142,200,5,200,default,naive-kmeans,40:60
95,11,0.5649999976158142,200,5,200,default,naive-kmeans,40:60
95,12,0.5649999976158142,200,5,200,default,naive-kmeans,40:60
95,13,0.5649999976158142,200,5,200,default,naive-kmeans,40:60
95,14,0.5649999976158142,200,5,200,default,naive-kmeans,40:60
95,15,0.5649999976158142,200,5,200,default,naive-kmeans,40:60
95,16,0.5649999976158142,200,5,200,default,naive-kmeans,40:60
95,17,0.5649999976158142,200,5,200,default,naive-kmeans,40:60
95,18,0.5649999976158142,200,5,200,default,naive-kmeans,40:60
95,19,0.5649999976158142,200,5,200,default,naive-kmeans,40:60
95,20,0.5649999976158142,200,5,200,default,naive-kmeans,40:60
95,21,0.5649999976158142,200,5,200,default,naive-kmeans,40:60
95,22,0.5649999976158142,200,5,200,default,naive-kmeans,40:60
95,23,0.5649999976158142,200,5,200,default,naive-kmeans,40:60
95,24,0.5649999976158142,200,5,200,default,naive-kmeans,40:60
95,25,0.5649999976158142,200,5,200,default,naive-kmeans,40:60
95,26,0.5649999976158142,200,5,200,default,naive-kmeans,40:60
95,27,0.5649999976158142,200,5,200,default,naive-kmeans,40:60
95,28,0.5649999976158142,200,5,200,default,naive-kmeans,40:60
95,29,0.5649999976158142,200,5,200,default,naive-kmeans,40:60
95,30,0.5649999976158142,200,5,200,default,naive-kmeans,40:60
95,31,0.5649999976158142,200,5,200,default,naive-kmeans,40:60
95,32,0.5649999976158142,200,5,200,default,naive-kmeans,40:60
95,33,0.5649999976158142,200,5,200,default,naive-kmeans,40:60
95,34,0.5649999976158142,200,5,200,default,naive-kmeans,40:60
95,35,0.5649999976158142,200,5,200,default,naive-kmeans,40:60
95,36,0.5649999976158142,200,5,200,default,naive-kmeans,40:60
95,37,0.5649999976158142,200,5,200,default,naive-kmeans,40:60
95,38,0.5649999976158142,200,5,200,default,naive-kmeans,40:60
95,39,0.5649999976158142,200,5,200,default,naive-kmeans,40:60
95,40,0.5649999976158142,200,5,200,default,naive-kmeans,40:60
95,41,0.5649999976158142,200,5,200,default,naive-kmeans,40:60
95,42,0.5649999976158142,200,5,200,default,naive-kmeans,40:60
95,43,0.5649999976158142,200,5,200,default,naive-kmeans,40:60
95,44,0.5649999976158142,200,5,200,default,naive-kmeans,40:60
95,45,0.5649999976158142,200,5,200,default,naive-kmeans,40:60
95,46,0.5649999976158142,200,5,200,default,naive-kmeans,40:60
95,47,0.5649999976158142,200,5,200,default,naive-kmeans,40:60
95,48,0.5649999976158142,200,5,200,default,naive-kmeans,40:60
95,49,0.5649999976158142,200,5,200,default,naive-kmeans,40:60
95,50,0.5649999976158142,200,5,200,default,naive-kmeans,40:60
95,51,0.5649999976158142,200,5,200,default,naive-kmeans,40:60
95,52,0.5649999976158142,200,5,200,default,naive-kmeans,40:60
95,53,0.5649999976158142,200,5,200,default,naive-kmeans,40:60
95,54,0.5649999976158142,200,5,200,default,naive-kmeans,40:60
95,55,0.5649999976158142,200,5,200,default,naive-kmeans,40:60
95,56,0.5649999976158142,200,5,200,default,naive-kmeans,40:60
95,57,0.5649999976158142,200,5,200,default,naive-kmeans,40:60
95,58,0.5649999976158142,200,5,200,default,naive-kmeans,40:60
95,59,0.5649999976158142,200,5,200,default,naive-kmeans,40:60
95,60,0.5649999976158142,200,5,200,default,naive-kmeans,40:60
95,61,0.5649999976158142,200,5,200,default,naive-kmeans,40:60
95,62,0.5649999976158142,200,5,200,default,naive-kmeans,40:60
95,63,0.5649999976158142,200,5,200,default,naive-kmeans,40:60
95,64,0.5649999976158142,200,5,200,default,naive-kmeans,40:60
95,65,0.5649999976158142,200,5,200,default,naive-kmeans,40:60
95,66,0.5649999976158142,200,5,200,default,naive-kmeans,40:60
95,67,0.5649999976158142,200,5,200,default,naive-kmeans,40:60
95,68,0.5649999976158142,200,5,200,default,naive-kmeans,40:60
95,69,0.5649999976158142,200,5,200,default,naive-kmeans,40:60
95,70,0.5649999976158142,200,5,200,default,naive-kmeans,40:60
95,71,0.5649999976158142,200,5,200,default,naive-kmeans,40:60
95,72,0.5649999976158142,200,5,200,default,naive-kmeans,40:60
95,73,0.5649999976158142,200,5,200,default,naive-kmeans,40:60
95,74,0.5649999976158142,200,5,200,default,naive-kmeans,40:60
95,75,0.5649999976158142,200,5,200,default,naive-kmeans,40:60
95,76,0.5649999976158142,200,5,200,default,naive-kmeans,40:60
95,77,0.5649999976158142,200,5,200,default,naive-kmeans,40:60
95,78,0.5649999976158142,200,5,200,default,naive-kmeans,40:60
95,79,0.5649999976158142,200,5,200,default,naive-kmeans,40:60
95,80,0.5649999976158142,200,5,200,default,naive-kmeans,40:60
95,81,0.5649999976158142,200,5,200,default,naive-kmeans,40:60
95,82,0.5649999976158142,200,5,200,default,naive-kmeans,40:60
95,83,0.5649999976158142,200,5,200,default,naive-kmeans,40:60
95,84,0.5649999976158142,200,5,200,default,naive-kmeans,40:60
95,85,0.5649999976158142,200,5,200,default,naive-kmeans,40:60
95,86,0.5649999976158142,200,5,200,default,naive-kmeans,40:60
95,87,0.5649999976158142,200,5,200,default,naive-kmeans,40:60
95,88,0.5649999976158142,200,5,200,default,naive-kmeans,40:60
95,89,0.5649999976158142,200,5,200,default,naive-kmeans,40:60
95,90,0.5649999976158142,200,5,200,default,naive-kmeans,40:60
95,91,0.5649999976158142,200,5,200,default,naive-kmeans,40:60
95,92,0.5649999976158142,200,5,200,default,naive-kmeans,40:60
95,93,0.5649999976158142,200,5,200,default,naive-kmeans,40:60
95,94,0.5649999976158142,200,5,200,default,naive-kmeans,40:60
95,95,0.5649999976158142,200,5,200,default,naive-kmeans,40:60
95,96,0.5649999976158142,200,5,200,default,naive-kmeans,40:60
95,97,0.5649999976158142,200,5,200,default,naive-kmeans,40:60
95,98,0.5649999976158142,200,5,200,default,naive-kmeans,40:60
95,99,0.5649999976158142,200,5,200,default,naive-kmeans,40:60
96,0,0.5649999976158142,200,5,200,default,naive-kmeans,40:60
96,1,0.5649999976158142,200,5,200,default,naive-kmeans,40:60
96,2,0.574999988079071,200,5,200,default,naive-kmeans,40:60
96,3,0.5649999976158142,200,5,200,default,naive-kmeans,40:60
96,4,0.5550000071525574,200,5,200,default,naive-kmeans,40:60
96,5,0.574999988079071,200,5,200,default,naive-kmeans,40:60
96,6,0.574999988079071,200,5,200,default,naive-kmeans,40:60
96,7,0.574999988079071,200,5,200,default,naive-kmeans,40:60
96,8,0.574999988079071,200,5,200,default,naive-kmeans,40:60
96,9,0.574999988079071,200,5,200,default,naive-kmeans,40:60
96,10,0.574999988079071,200,5,200,default,naive-kmeans,40:60
96,11,0.574999988079071,200,5,200,default,naive-kmeans,40:60
96,12,0.574999988079071,200,5,200,default,naive-kmeans,40:60
96,13,0.574999988079071,200,5,200,default,naive-kmeans,40:60
96,14,0.574999988079071,200,5,200,default,naive-kmeans,40:60
96,15,0.574999988079071,200,5,200,default,naive-kmeans,40:60
96,16,0.574999988079071,200,5,200,default,naive-kmeans,40:60
96,17,0.574999988079071,200,5,200,default,naive-kmeans,40:60
96,18,0.574999988079071,200,5,200,default,naive-kmeans,40:60
96,19,0.574999988079071,200,5,200,default,naive-kmeans,40:60
96,20,0.574999988079071,200,5,200,default,naive-kmeans,40:60
96,21,0.574999988079071,200,5,200,default,naive-kmeans,40:60
96,22,0.574999988079071,200,5,200,default,naive-kmeans,40:60
96,23,0.574999988079071,200,5,200,default,naive-kmeans,40:60
96,24,0.574999988079071,200,5,200,default,naive-kmeans,40:60
96,25,0.574999988079071,200,5,200,default,naive-kmeans,40:60
96,26,0.574999988079071,200,5,200,default,naive-kmeans,40:60
96,27,0.574999988079071,200,5,200,default,naive-kmeans,40:60
96,28,0.574999988079071,200,5,200,default,naive-kmeans,40:60
96,29,0.574999988079071,200,5,200,default,naive-kmeans,40:60
96,30,0.574999988079071,200,5,200,default,naive-kmeans,40:60
96,31,0.574999988079071,200,5,200,default,naive-kmeans,40:60
96,32,0.574999988079071,200,5,200,default,naive-kmeans,40:60
96,33,0.574999988079071,200,5,200,default,naive-kmeans,40:60
96,34,0.574999988079071,200,5,200,default,naive-kmeans,40:60
96,35,0.574999988079071,200,5,200,default,naive-kmeans,40:60
96,36,0.574999988079071,200,5,200,default,naive-kmeans,40:60
96,37,0.574999988079071,200,5,200,default,naive-kmeans,40:60
96,38,0.574999988079071,200,5,200,default,naive-kmeans,40:60
96,39,0.574999988079071,200,5,200,default,naive-kmeans,40:60
96,40,0.574999988079071,200,5,200,default,naive-kmeans,40:60
96,41,0.574999988079071,200,5,200,default,naive-kmeans,40:60
96,42,0.574999988079071,200,5,200,default,naive-kmeans,40:60
96,43,0.574999988079071,200,5,200,default,naive-kmeans,40:60
96,44,0.574999988079071,200,5,200,default,naive-kmeans,40:60
96,45,0.574999988079071,200,5,200,default,naive-kmeans,40:60
96,46,0.574999988079071,200,5,200,default,naive-kmeans,40:60
96,47,0.574999988079071,200,5,200,default,naive-kmeans,40:60
96,48,0.574999988079071,200,5,200,default,naive-kmeans,40:60
96,49,0.574999988079071,200,5,200,default,naive-kmeans,40:60
96,50,0.574999988079071,200,5,200,default,naive-kmeans,40:60
96,51,0.574999988079071,200,5,200,default,naive-kmeans,40:60
96,52,0.574999988079071,200,5,200,default,naive-kmeans,40:60
96,53,0.574999988079071,200,5,200,default,naive-kmeans,40:60
96,54,0.574999988079071,200,5,200,default,naive-kmeans,40:60
96,55,0.574999988079071,200,5,200,default,naive-kmeans,40:60
96,56,0.574999988079071,200,5,200,default,naive-kmeans,40:60
96,57,0.574999988079071,200,5,200,default,naive-kmeans,40:60
96,58,0.574999988079071,200,5,200,default,naive-kmeans,40:60
96,59,0.574999988079071,200,5,200,default,naive-kmeans,40:60
96,60,0.574999988079071,200,5,200,default,naive-kmeans,40:60
96,61,0.574999988079071,200,5,200,default,naive-kmeans,40:60
96,62,0.574999988079071,200,5,200,default,naive-kmeans,40:60
96,63,0.574999988079071,200,5,200,default,naive-kmeans,40:60
96,64,0.574999988079071,200,5,200,default,naive-kmeans,40:60
96,65,0.574999988079071,200,5,200,default,naive-kmeans,40:60
96,66,0.574999988079071,200,5,200,default,naive-kmeans,40:60
96,67,0.574999988079071,200,5,200,default,naive-kmeans,40:60
96,68,0.574999988079071,200,5,200,default,naive-kmeans,40:60
96,69,0.574999988079071,200,5,200,default,naive-kmeans,40:60
96,70,0.574999988079071,200,5,200,default,naive-kmeans,40:60
96,71,0.574999988079071,200,5,200,default,naive-kmeans,40:60
96,72,0.574999988079071,200,5,200,default,naive-kmeans,40:60
96,73,0.574999988079071,200,5,200,default,naive-kmeans,40:60
96,74,0.574999988079071,200,5,200,default,naive-kmeans,40:60
96,75,0.574999988079071,200,5,200,default,naive-kmeans,40:60
96,76,0.574999988079071,200,5,200,default,naive-kmeans,40:60
96,77,0.574999988079071,200,5,200,default,naive-kmeans,40:60
96,78,0.574999988079071,200,5,200,default,naive-kmeans,40:60
96,79,0.574999988079071,200,5,200,default,naive-kmeans,40:60
96,80,0.574999988079071,200,5,200,default,naive-kmeans,40:60
96,81,0.574999988079071,200,5,200,default,naive-kmeans,40:60
96,82,0.574999988079071,200,5,200,default,naive-kmeans,40:60
96,83,0.574999988079071,200,5,200,default,naive-kmeans,40:60
96,84,0.574999988079071,200,5,200,default,naive-kmeans,40:60
96,85,0.574999988079071,200,5,200,default,naive-kmeans,40:60
96,86,0.574999988079071,200,5,200,default,naive-kmeans,40:60
96,87,0.574999988079071,200,5,200,default,naive-kmeans,40:60
96,88,0.574999988079071,200,5,200,default,naive-kmeans,40:60
96,89,0.574999988079071,200,5,200,default,naive-kmeans,40:60
96,90,0.574999988079071,200,5,200,default,naive-kmeans,40:60
96,91,0.574999988079071,200,5,200,default,naive-kmeans,40:60
96,92,0.574999988079071,200,5,200,default,naive-kmeans,40:60
96,93,0.574999988079071,200,5,200,default,naive-kmeans,40:60
96,94,0.574999988079071,200,5,200,default,naive-kmeans,40:60
96,95,0.574999988079071,200,5,200,default,naive-kmeans,40:60
96,96,0.574999988079071,200,5,200,default,naive-kmeans,40:60
96,97,0.574999988079071,200,5,200,default,naive-kmeans,40:60
96,98,0.574999988079071,200,5,200,default,naive-kmeans,40:60
96,99,0.574999988079071,200,5,200,default,naive-kmeans,40:60
97,0,0.5649999976158142,200,5,200,default,naive-kmeans,40:60
97,1,0.5649999976158142,200,5,200,default,naive-kmeans,40:60
97,2,0.574999988079071,200,5,200,default,naive-kmeans,40:60
97,3,0.574999988079071,200,5,200,default,naive-kmeans,40:60
97,4,0.574999988079071,200,5,200,default,naive-kmeans,40:60
97,5,0.574999988079071,200,5,200,default,naive-kmeans,40:60
97,6,0.574999988079071,200,5,200,default,naive-kmeans,40:60
97,7,0.574999988079071,200,5,200,default,naive-kmeans,40:60
97,8,0.574999988079071,200,5,200,default,naive-kmeans,40:60
97,9,0.574999988079071,200,5,200,default,naive-kmeans,40:60
97,10,0.574999988079071,200,5,200,default,naive-kmeans,40:60
97,11,0.574999988079071,200,5,200,default,naive-kmeans,40:60
97,12,0.574999988079071,200,5,200,default,naive-kmeans,40:60
97,13,0.574999988079071,200,5,200,default,naive-kmeans,40:60
97,14,0.574999988079071,200,5,200,default,naive-kmeans,40:60
97,15,0.574999988079071,200,5,200,default,naive-kmeans,40:60
97,16,0.574999988079071,200,5,200,default,naive-kmeans,40:60
97,17,0.574999988079071,200,5,200,default,naive-kmeans,40:60
97,18,0.574999988079071,200,5,200,default,naive-kmeans,40:60
97,19,0.574999988079071,200,5,200,default,naive-kmeans,40:60
97,20,0.574999988079071,200,5,200,default,naive-kmeans,40:60
97,21,0.574999988079071,200,5,200,default,naive-kmeans,40:60
97,22,0.574999988079071,200,5,200,default,naive-kmeans,40:60
97,23,0.574999988079071,200,5,200,default,naive-kmeans,40:60
97,24,0.574999988079071,200,5,200,default,naive-kmeans,40:60
97,25,0.574999988079071,200,5,200,default,naive-kmeans,40:60
97,26,0.574999988079071,200,5,200,default,naive-kmeans,40:60
97,27,0.574999988079071,200,5,200,default,naive-kmeans,40:60
97,28,0.574999988079071,200,5,200,default,naive-kmeans,40:60
97,29,0.574999988079071,200,5,200,default,naive-kmeans,40:60
97,30,0.574999988079071,200,5,200,default,naive-kmeans,40:60
97,31,0.574999988079071,200,5,200,default,naive-kmeans,40:60
97,32,0.574999988079071,200,5,200,default,naive-kmeans,40:60
97,33,0.574999988079071,200,5,200,default,naive-kmeans,40:60
97,34,0.574999988079071,200,5,200,default,naive-kmeans,40:60
97,35,0.574999988079071,200,5,200,default,naive-kmeans,40:60
97,36,0.574999988079071,200,5,200,default,naive-kmeans,40:60
97,37,0.574999988079071,200,5,200,default,naive-kmeans,40:60
97,38,0.574999988079071,200,5,200,default,naive-kmeans,40:60
97,39,0.574999988079071,200,5,200,default,naive-kmeans,40:60
97,40,0.574999988079071,200,5,200,default,naive-kmeans,40:60
97,41,0.574999988079071,200,5,200,default,naive-kmeans,40:60
97,42,0.574999988079071,200,5,200,default,naive-kmeans,40:60
97,43,0.574999988079071,200,5,200,default,naive-kmeans,40:60
97,44,0.574999988079071,200,5,200,default,naive-kmeans,40:60
97,45,0.574999988079071,200,5,200,default,naive-kmeans,40:60
97,46,0.574999988079071,200,5,200,default,naive-kmeans,40:60
97,47,0.574999988079071,200,5,200,default,naive-kmeans,40:60
97,48,0.574999988079071,200,5,200,default,naive-kmeans,40:60
97,49,0.574999988079071,200,5,200,default,naive-kmeans,40:60
97,50,0.574999988079071,200,5,200,default,naive-kmeans,40:60
97,51,0.574999988079071,200,5,200,default,naive-kmeans,40:60
97,52,0.574999988079071,200,5,200,default,naive-kmeans,40:60
97,53,0.574999988079071,200,5,200,default,naive-kmeans,40:60
97,54,0.574999988079071,200,5,200,default,naive-kmeans,40:60
97,55,0.574999988079071,200,5,200,default,naive-kmeans,40:60
97,56,0.574999988079071,200,5,200,default,naive-kmeans,40:60
97,57,0.574999988079071,200,5,200,default,naive-kmeans,40:60
97,58,0.574999988079071,200,5,200,default,naive-kmeans,40:60
97,59,0.574999988079071,200,5,200,default,naive-kmeans,40:60
97,60,0.574999988079071,200,5,200,default,naive-kmeans,40:60
97,61,0.574999988079071,200,5,200,default,naive-kmeans,40:60
97,62,0.574999988079071,200,5,200,default,naive-kmeans,40:60
97,63,0.574999988079071,200,5,200,default,naive-kmeans,40:60
97,64,0.574999988079071,200,5,200,default,naive-kmeans,40:60
97,65,0.574999988079071,200,5,200,default,naive-kmeans,40:60
97,66,0.574999988079071,200,5,200,default,naive-kmeans,40:60
97,67,0.574999988079071,200,5,200,default,naive-kmeans,40:60
97,68,0.574999988079071,200,5,200,default,naive-kmeans,40:60
97,69,0.574999988079071,200,5,200,default,naive-kmeans,40:60
97,70,0.574999988079071,200,5,200,default,naive-kmeans,40:60
97,71,0.574999988079071,200,5,200,default,naive-kmeans,40:60
97,72,0.574999988079071,200,5,200,default,naive-kmeans,40:60
97,73,0.574999988079071,200,5,200,default,naive-kmeans,40:60
97,74,0.574999988079071,200,5,200,default,naive-kmeans,40:60
97,75,0.574999988079071,200,5,200,default,naive-kmeans,40:60
97,76,0.574999988079071,200,5,200,default,naive-kmeans,40:60
97,77,0.574999988079071,200,5,200,default,naive-kmeans,40:60
97,78,0.574999988079071,200,5,200,default,naive-kmeans,40:60
97,79,0.574999988079071,200,5,200,default,naive-kmeans,40:60
97,80,0.574999988079071,200,5,200,default,naive-kmeans,40:60
97,81,0.574999988079071,200,5,200,default,naive-kmeans,40:60
97,82,0.574999988079071,200,5,200,default,naive-kmeans,40:60
97,83,0.574999988079071,200,5,200,default,naive-kmeans,40:60
97,84,0.574999988079071,200,5,200,default,naive-kmeans,40:60
97,85,0.574999988079071,200,5,200,default,naive-kmeans,40:60
97,86,0.574999988079071,200,5,200,default,naive-kmeans,40:60
97,87,0.574999988079071,200,5,200,default,naive-kmeans,40:60
97,88,0.574999988079071,200,5,200,default,naive-kmeans,40:60
97,89,0.574999988079071,200,5,200,default,naive-kmeans,40:60
97,90,0.574999988079071,200,5,200,default,naive-kmeans,40:60
97,91,0.574999988079071,200,5,200,default,naive-kmeans,40:60
97,92,0.574999988079071,200,5,200,default,naive-kmeans,40:60
97,93,0.574999988079071,200,5,200,default,naive-kmeans,40:60
97,94,0.574999988079071,200,5,200,default,naive-kmeans,40:60
97,95,0.574999988079071,200,5,200,default,naive-kmeans,40:60
97,96,0.574999988079071,200,5,200,default,naive-kmeans,40:60
97,97,0.574999988079071,200,5,200,default,naive-kmeans,40:60
97,98,0.574999988079071,200,5,200,default,naive-kmeans,40:60
97,99,0.574999988079071,200,5,200,default,naive-kmeans,40:60
98,0,0.5149999856948853,200,5,200,default,naive-kmeans,40:60
98,1,0.5649999976158142,200,5,200,default,naive-kmeans,40:60
98,2,0.5649999976158142,200,5,200,default,naive-kmeans,40:60
98,3,0.5049999952316284,200,5,200,default,naive-kmeans,40:60
98,4,0.5799999833106995,200,5,200,default,naive-kmeans,40:60
98,5,0.5099999904632568,200,5,200,default,naive-kmeans,40:60
98,6,0.5099999904632568,200,5,200,default,naive-kmeans,40:60
98,7,0.5199999809265137,200,5,200,default,naive-kmeans,40:60
98,8,0.5099999904632568,200,5,200,default,naive-kmeans,40:60
98,9,0.5400000214576721,200,5,200,default,naive-kmeans,40:60
98,10,0.574999988079071,200,5,200,default,naive-kmeans,40:60
98,11,0.5049999952316284,200,5,200,default,naive-kmeans,40:60
98,12,0.5799999833106995,200,5,200,default,naive-kmeans,40:60
98,13,0.5799999833106995,200,5,200,default,naive-kmeans,40:60
98,14,0.5799999833106995,200,5,200,default,naive-kmeans,40:60
98,15,0.5799999833106995,200,5,200,default,naive-kmeans,40:60
98,16,0.5799999833106995,200,5,200,default,naive-kmeans,40:60
98,17,0.5799999833106995,200,5,200,default,naive-kmeans,40:60
98,18,0.5799999833106995,200,5,200,default,naive-kmeans,40:60
98,19,0.5799999833106995,200,5,200,default,naive-kmeans,40:60
98,20,0.5799999833106995,200,5,200,default,naive-kmeans,40:60
98,21,0.5799999833106995,200,5,200,default,naive-kmeans,40:60
98,22,0.5799999833106995,200,5,200,default,naive-kmeans,40:60
98,23,0.5799999833106995,200,5,200,default,naive-kmeans,40:60
98,24,0.5799999833106995,200,5,200,default,naive-kmeans,40:60
98,25,0.5799999833106995,200,5,200,default,naive-kmeans,40:60
98,26,0.5799999833106995,200,5,200,default,naive-kmeans,40:60
98,27,0.5799999833106995,200,5,200,default,naive-kmeans,40:60
98,28,0.5799999833106995,200,5,200,default,naive-kmeans,40:60
98,29,0.5799999833106995,200,5,200,default,naive-kmeans,40:60
98,30,0.5799999833106995,200,5,200,default,naive-kmeans,40:60
98,31,0.5799999833106995,200,5,200,default,naive-kmeans,40:60
98,32,0.5799999833106995,200,5,200,default,naive-kmeans,40:60
98,33,0.5799999833106995,200,5,200,default,naive-kmeans,40:60
98,34,0.5799999833106995,200,5,200,default,naive-kmeans,40:60
98,35,0.5799999833106995,200,5,200,default,naive-kmeans,40:60
98,36,0.5799999833106995,200,5,200,default,naive-kmeans,40:60
98,37,0.5799999833106995,200,5,200,default,naive-kmeans,40:60
98,38,0.5799999833106995,200,5,200,default,naive-kmeans,40:60
98,39,0.5799999833106995,200,5,200,default,naive-kmeans,40:60
98,40,0.5799999833106995,200,5,200,default,naive-kmeans,40:60
98,41,0.5799999833106995,200,5,200,default,naive-kmeans,40:60
98,42,0.5799999833106995,200,5,200,default,naive-kmeans,40:60
98,43,0.5799999833106995,200,5,200,default,naive-kmeans,40:60
98,44,0.5799999833106995,200,5,200,default,naive-kmeans,40:60
98,45,0.5799999833106995,200,5,200,default,naive-kmeans,40:60
98,46,0.5799999833106995,200,5,200,default,naive-kmeans,40:60
98,47,0.5799999833106995,200,5,200,default,naive-kmeans,40:60
98,48,0.5799999833106995,200,5,200,default,naive-kmeans,40:60
98,49,0.5799999833106995,200,5,200,default,naive-kmeans,40:60
98,50,0.5799999833106995,200,5,200,default,naive-kmeans,40:60
98,51,0.5799999833106995,200,5,200,default,naive-kmeans,40:60
98,52,0.5799999833106995,200,5,200,default,naive-kmeans,40:60
98,53,0.5799999833106995,200,5,200,default,naive-kmeans,40:60
98,54,0.5799999833106995,200,5,200,default,naive-kmeans,40:60
98,55,0.5799999833106995,200,5,200,default,naive-kmeans,40:60
98,56,0.5799999833106995,200,5,200,default,naive-kmeans,40:60
98,57,0.5799999833106995,200,5,200,default,naive-kmeans,40:60
98,58,0.5799999833106995,200,5,200,default,naive-kmeans,40:60
98,59,0.5799999833106995,200,5,200,default,naive-kmeans,40:60
98,60,0.5799999833106995,200,5,200,default,naive-kmeans,40:60
98,61,0.5799999833106995,200,5,200,default,naive-kmeans,40:60
98,62,0.5799999833106995,200,5,200,default,naive-kmeans,40:60
98,63,0.5799999833106995,200,5,200,default,naive-kmeans,40:60
98,64,0.5799999833106995,200,5,200,default,naive-kmeans,40:60
98,65,0.5799999833106995,200,5,200,default,naive-kmeans,40:60
98,66,0.5799999833106995,200,5,200,default,naive-kmeans,40:60
98,67,0.5799999833106995,200,5,200,default,naive-kmeans,40:60
98,68,0.5799999833106995,200,5,200,default,naive-kmeans,40:60
98,69,0.5799999833106995,200,5,200,default,naive-kmeans,40:60
98,70,0.5799999833106995,200,5,200,default,naive-kmeans,40:60
98,71,0.5799999833106995,200,5,200,default,naive-kmeans,40:60
98,72,0.5799999833106995,200,5,200,default,naive-kmeans,40:60
98,73,0.5799999833106995,200,5,200,default,naive-kmeans,40:60
98,74,0.5799999833106995,200,5,200,default,naive-kmeans,40:60
98,75,0.5799999833106995,200,5,200,default,naive-kmeans,40:60
98,76,0.5799999833106995,200,5,200,default,naive-kmeans,40:60
98,77,0.5799999833106995,200,5,200,default,naive-kmeans,40:60
98,78,0.5799999833106995,200,5,200,default,naive-kmeans,40:60
98,79,0.5799999833106995,200,5,200,default,naive-kmeans,40:60
98,80,0.5799999833106995,200,5,200,default,naive-kmeans,40:60
98,81,0.5799999833106995,200,5,200,default,naive-kmeans,40:60
98,82,0.5799999833106995,200,5,200,default,naive-kmeans,40:60
98,83,0.5799999833106995,200,5,200,default,naive-kmeans,40:60
98,84,0.5799999833106995,200,5,200,default,naive-kmeans,40:60
98,85,0.5799999833106995,200,5,200,default,naive-kmeans,40:60
98,86,0.5799999833106995,200,5,200,default,naive-kmeans,40:60
98,87,0.5799999833106995,200,5,200,default,naive-kmeans,40:60
98,88,0.5799999833106995,200,5,200,default,naive-kmeans,40:60
98,89,0.5799999833106995,200,5,200,default,naive-kmeans,40:60
98,90,0.5799999833106995,200,5,200,default,naive-kmeans,40:60
98,91,0.5799999833106995,200,5,200,default,naive-kmeans,40:60
98,92,0.5799999833106995,200,5,200,default,naive-kmeans,40:60
98,93,0.5799999833106995,200,5,200,default,naive-kmeans,40:60
98,94,0.5799999833106995,200,5,200,default,naive-kmeans,40:60
98,95,0.5799999833106995,200,5,200,default,naive-kmeans,40:60
98,96,0.5799999833106995,200,5,200,default,naive-kmeans,40:60
98,97,0.5799999833106995,200,5,200,default,naive-kmeans,40:60
98,98,0.5799999833106995,200,5,200,default,naive-kmeans,40:60
98,99,0.5799999833106995,200,5,200,default,naive-kmeans,40:60
99,0,0.5299999713897705,200,5,200,default,naive-kmeans,40:60
99,1,0.5400000214576721,200,5,200,default,naive-kmeans,40:60
99,2,0.5400000214576721,200,5,200,default,naive-kmeans,40:60
99,3,0.5400000214576721,200,5,200,default,naive-kmeans,40:60
99,4,0.5400000214576721,200,5,200,default,naive-kmeans,40:60
99,5,0.5400000214576721,200,5,200,default,naive-kmeans,40:60
99,6,0.5400000214576721,200,5,200,default,naive-kmeans,40:60
99,7,0.5400000214576721,200,5,200,default,naive-kmeans,40:60
99,8,0.5400000214576721,200,5,200,default,naive-kmeans,40:60
99,9,0.5400000214576721,200,5,200,default,naive-kmeans,40:60
99,10,0.5400000214576721,200,5,200,default,naive-kmeans,40:60
99,11,0.5400000214576721,200,5,200,default,naive-kmeans,40:60
99,12,0.5400000214576721,200,5,200,default,naive-kmeans,40:60
99,13,0.5400000214576721,200,5,200,default,naive-kmeans,40:60
99,14,0.5400000214576721,200,5,200,default,naive-kmeans,40:60
99,15,0.5400000214576721,200,5,200,default,naive-kmeans,40:60
99,16,0.5400000214576721,200,5,200,default,naive-kmeans,40:60
99,17,0.5400000214576721,200,5,200,default,naive-kmeans,40:60
99,18,0.5400000214576721,200,5,200,default,naive-kmeans,40:60
99,19,0.5400000214576721,200,5,200,default,naive-kmeans,40:60
99,20,0.5400000214576721,200,5,200,default,naive-kmeans,40:60
99,21,0.5400000214576721,200,5,200,default,naive-kmeans,40:60
99,22,0.5400000214576721,200,5,200,default,naive-kmeans,40:60
99,23,0.5400000214576721,200,5,200,default,naive-kmeans,40:60
99,24,0.5400000214576721,200,5,200,default,naive-kmeans,40:60
99,25,0.5400000214576721,200,5,200,default,naive-kmeans,40:60
99,26,0.5400000214576721,200,5,200,default,naive-kmeans,40:60
99,27,0.5400000214576721,200,5,200,default,naive-kmeans,40:60
99,28,0.5400000214576721,200,5,200,default,naive-kmeans,40:60
99,29,0.5400000214576721,200,5,200,default,naive-kmeans,40:60
99,30,0.5400000214576721,200,5,200,default,naive-kmeans,40:60
99,31,0.5400000214576721,200,5,200,default,naive-kmeans,40:60
99,32,0.5400000214576721,200,5,200,default,naive-kmeans,40:60
99,33,0.5400000214576721,200,5,200,default,naive-kmeans,40:60
99,34,0.5400000214576721,200,5,200,default,naive-kmeans,40:60
99,35,0.5400000214576721,200,5,200,default,naive-kmeans,40:60
99,36,0.5400000214576721,200,5,200,default,naive-kmeans,40:60
99,37,0.5400000214576721,200,5,200,default,naive-kmeans,40:60
99,38,0.5400000214576721,200,5,200,default,naive-kmeans,40:60
99,39,0.5400000214576721,200,5,200,default,naive-kmeans,40:60
99,40,0.5400000214576721,200,5,200,default,naive-kmeans,40:60
99,41,0.5400000214576721,200,5,200,default,naive-kmeans,40:60
99,42,0.5400000214576721,200,5,200,default,naive-kmeans,40:60
99,43,0.5400000214576721,200,5,200,default,naive-kmeans,40:60
99,44,0.5400000214576721,200,5,200,default,naive-kmeans,40:60
99,45,0.5400000214576721,200,5,200,default,naive-kmeans,40:60
99,46,0.5400000214576721,200,5,200,default,naive-kmeans,40:60
99,47,0.5400000214576721,200,5,200,default,naive-kmeans,40:60
99,48,0.5400000214576721,200,5,200,default,naive-kmeans,40:60
99,49,0.5400000214576721,200,5,200,default,naive-kmeans,40:60
99,50,0.5400000214576721,200,5,200,default,naive-kmeans,40:60
99,51,0.5400000214576721,200,5,200,default,naive-kmeans,40:60
99,52,0.5400000214576721,200,5,200,default,naive-kmeans,40:60
99,53,0.5400000214576721,200,5,200,default,naive-kmeans,40:60
99,54,0.5400000214576721,200,5,200,default,naive-kmeans,40:60
99,55,0.5400000214576721,200,5,200,default,naive-kmeans,40:60
99,56,0.5400000214576721,200,5,200,default,naive-kmeans,40:60
99,57,0.5400000214576721,200,5,200,default,naive-kmeans,40:60
99,58,0.5400000214576721,200,5,200,default,naive-kmeans,40:60
99,59,0.5400000214576721,200,5,200,default,naive-kmeans,40:60
99,60,0.5400000214576721,200,5,200,default,naive-kmeans,40:60
99,61,0.5400000214576721,200,5,200,default,naive-kmeans,40:60
99,62,0.5400000214576721,200,5,200,default,naive-kmeans,40:60
99,63,0.5400000214576721,200,5,200,default,naive-kmeans,40:60
99,64,0.5400000214576721,200,5,200,default,naive-kmeans,40:60
99,65,0.5400000214576721,200,5,200,default,naive-kmeans,40:60
99,66,0.5400000214576721,200,5,200,default,naive-kmeans,40:60
99,67,0.5400000214576721,200,5,200,default,naive-kmeans,40:60
99,68,0.5400000214576721,200,5,200,default,naive-kmeans,40:60
99,69,0.5400000214576721,200,5,200,default,naive-kmeans,40:60
99,70,0.5400000214576721,200,5,200,default,naive-kmeans,40:60
99,71,0.5400000214576721,200,5,200,default,naive-kmeans,40:60
99,72,0.5400000214576721,200,5,200,default,naive-kmeans,40:60
99,73,0.5400000214576721,200,5,200,default,naive-kmeans,40:60
99,74,0.5400000214576721,200,5,200,default,naive-kmeans,40:60
99,75,0.5400000214576721,200,5,200,default,naive-kmeans,40:60
99,76,0.5400000214576721,200,5,200,default,naive-kmeans,40:60
99,77,0.5400000214576721,200,5,200,default,naive-kmeans,40:60
99,78,0.5400000214576721,200,5,200,default,naive-kmeans,40:60
99,79,0.5400000214576721,200,5,200,default,naive-kmeans,40:60
99,80,0.5400000214576721,200,5,200,default,naive-kmeans,40:60
99,81,0.5400000214576721,200,5,200,default,naive-kmeans,40:60
99,82,0.5400000214576721,200,5,200,default,naive-kmeans,40:60
99,83,0.5400000214576721,200,5,200,default,naive-kmeans,40:60
99,84,0.5400000214576721,200,5,200,default,naive-kmeans,40:60
99,85,0.5400000214576721,200,5,200,default,naive-kmeans,40:60
99,86,0.5400000214576721,200,5,200,default,naive-kmeans,40:60
99,87,0.5400000214576721,200,5,200,default,naive-kmeans,40:60
99,88,0.5400000214576721,200,5,200,default,naive-kmeans,40:60
99,89,0.5400000214576721,200,5,200,default,naive-kmeans,40:60
99,90,0.5400000214576721,200,5,200,default,naive-kmeans,40:60
99,91,0.5400000214576721,200,5,200,default,naive-kmeans,40:60
99,92,0.5400000214576721,200,5,200,default,naive-kmeans,40:60
99,93,0.5400000214576721,200,5,200,default,naive-kmeans,40:60
99,94,0.5400000214576721,200,5,200,default,naive-kmeans,40:60
99,95,0.5400000214576721,200,5,200,default,naive-kmeans,40:60
99,96,0.5400000214576721,200,5,200,default,naive-kmeans,40:60
99,97,0.5400000214576721,200,5,200,default,naive-kmeans,40:60
99,98,0.5400000214576721,200,5,200,default,naive-kmeans,40:60
99,99,0.5400000214576721,200,5,200,default,naive-kmeans,40:60
